0000.jpg 0001.jpg
2 1373
11 577
13 9
17 1354
20 590
23 659
24 293
25 1193
30 1406
39 41
45 724
49 835
57 52
63 399
73 992
81 336
82 986
85 690
86 423
88 1102
91 576
93 856
95 150
99 1002
101 325
106 582
112 12
120 1244
122 1418
129 534
137 295
140 342
146 128
147 59
167 1201
168 1057
185 477
205 868
208 931
214 1125
224 254
229 1329
232 817
246 1238
248 164
255 275
261 1
271 990
272 369
284 627
293 1371
304 975
326 1080
340 129
341 1175
346 1105
354 231
363 1337
368 218
372 302
374 420
381 1029
382 1069
397 358
417 1236
423 155
430 840
438 422
456 547
466 775
470 896
472 1083
479 294
485 1174
492 783
495 773
498 1433
508 841
510 66
515 255
521 1349
536 282
540 396
546 557
558 624
571 1366
572 668
573 306
575 1158
579 1368
584 924
591 1419
601 881
611 230
616 347
619 437
620 1022
657 938
663 1432
672 100
682 802
689 428
696 348
698 706
699 563
703 1429
711 1078
717 515
723 1111
734 1152
738 656
741 741
743 426
756 31
774 239
776 1291
792 249
800 747
804 1003
808 1202
817 1362
820 1326
822 1401
823 1397
825 125
831 538
835 246
842 53
844 869
847 166
853 1179
860 982
865 963
877 942
880 904
883 962
886 880
902 374
904 1346
935 187
936 467
943 327
947 46
949 1318
951 1363
952 564
954 193
959 1199
975 961
977 737
979 882
1006 597
1009 537
1017 740
1022 408
1056 135
1060 195
1061 790
1067 1088
1089 902
1100 1321
1103 821
1108 1129
1112 38
1125 323
1128 1178
1143 911
1147 1328
1155 875
1156 621
1161 669
1164 784
1167 495
1188 989
1194 439
1198 300
1210 1240
1213 1427
1222 356
1223 848
1234 936
1236 834
1244 762
1248 956
1252 543
1268 1435
1289 161
1292 278

0000.jpg 0002.jpg
0 1104
4 194
11 324
20 468
25 490
28 274
29 207
30 317
38 25
41 156
49 1210
54 22
56 472
57 286
72 32
81 1126
88 1197
90 1192
91 236
93 522
95 990
106 651
107 1234
116 462
118 964
120 1207
124 269
130 48
146 126
147 590
152 911
162 746
173 676
184 634
185 780
208 688
214 538
222 1143
224 0
232 133
248 992
253 446
257 629
258 212
261 185
264 107
268 986
271 666
272 221
295 271
298 189
300 595
304 566
326 714
331 205
334 299
338 402
341 440
342 641
346 10
348 785
361 422
362 1290
363 155
368 492
374 312
382 1058
395 963
397 499
399 5
401 1245
406 614
413 208
418 353
423 108
425 761
438 790
459 258
470 1039
479 420
481 514
486 120
488 805
498 211
508 896
510 65
513 3
515 198
518 146
534 975
542 625
546 37
559 861
562 1213
564 443
566 962
571 1204
572 1214
573 323
575 131
588 858
591 591
601 837
611 1107
657 664
673 432
682 464
685 209
696 216
698 532
699 336
704 1002
706 1155
709 730
717 18
723 556
741 23
743 487
751 573
756 28
776 781
788 1227
794 387
795 1147
802 660
804 873
806 283
809 667
815 663
816 290
817 924
820 395
830 138
841 1253
842 637
844 288
851 684
853 661
856 327
860 361
865 470
870 445
873 463
876 85
880 925
886 204
915 987
933 860
936 475
943 356
944 424
955 427
965 177
972 19
978 380
979 575
984 1252
1003 1331
1006 307
1009 498
1017 589
1022 1088
1029 151
1056 82
1060 394
1061 1042
1089 381
1094 285
1100 1274
1110 655
1118 36
1121 26
1125 477
1147 1268
1154 914
1155 405
1161 404
1164 94
1167 332
1180 503
1187 694
1194 1239
1210 982
1219 1038
1222 877
1223 1169
1236 2
1244 219
1255 537
1256 9
1270 958
1289 1030
1300 86
1302 1117
1309 1028
1315 733

0000.jpg 0003.jpg
0 388
4 1127
13 27
24 105
25 18
28 132
30 1065
35 80
38 17
45 1345
54 25
57 62
62 103
63 1346
64 761
71 655
72 45
78 217
81 949
86 31
91 234
95 108
106 1265
116 1167
124 587
136 909
146 142
147 21
166 1353
167 293
185 462
188 848
209 1526
224 956
248 851
253 804
255 546
257 895
258 1483
261 639
268 512
271 82
272 241
298 540
311 1422
312 931
314 528
317 689
319 26
320 118
326 55
331 214
338 537
341 486
342 451
346 229
354 1126
368 139
374 460
382 656
390 1297
395 542
401 598
406 1415
416 832
423 1331
427 882
428 827
430 1439
433 1082
444 1093
459 1256
465 1293
468 1077
470 408
472 1028
479 377
482 271
485 448
487 968
495 795
508 596
510 755
513 2
515 1438
528 115
530 23
545 1384
546 1228
549 705
558 864
564 378
566 226
579 1292
589 13
601 928
611 1538
616 859
633 1436
637 1465
645 1152
656 1413
657 1027
659 575
663 532
672 951
682 265
684 1137
738 1399
743 1420
754 1182
774 1193
780 495
795 1471
796 144
800 1038
806 194
809 434
815 870
822 1032
825 543
842 530
865 1270
875 347
877 1294
878 788
880 1183
883 200
886 771
895 133
897 1398
912 1151
927 175
933 505
935 261
938 595
943 1005
945 50
952 1259
965 735
997 743
1003 513
1006 1286
1009 1045
1017 469
1045 361
1056 1466
1059 996
1060 396
1065 243
1067 1453
1077 1396
1079 691
1080 78
1100 425
1112 1445
1119 797
1122 205
1125 1539
1128 209
1141 1481
1143 765
1147 884
1152 861
1154 791
1158 146
1161 335
1165 466
1174 700
1187 621
1194 558
1195 744
1199 305
1201 1496
1210 584
1212 1525
1219 1134
1222 1091
1224 1336
1227 856
1230 1139
1234 1015
1254 1105
1261 1121
1272 1531
1289 707
1291 395
1318 1221

0000.jpg 0004.jpg
7 231
9 771
11 1079
16 377
17 1394
20 182
24 1431
25 25
29 456
30 597
35 514
38 1251
40 989
41 919
54 7
55 864
57 112
58 795
62 86
71 1158
72 944
75 1268
78 287
82 626
88 48
89 165
91 175
95 1306
99 887
112 1373
116 94
122 364
124 682
130 11
140 1362
144 100
146 238
147 132
152 258
159 1176
166 617
167 178
173 271
200 223
212 51
222 137
238 1294
246 728
247 941
253 1420
254 358
255 37
256 1088
257 746
258 108
261 4
268 310
271 133
284 1364
287 1239
292 504
295 632
298 687
301 629
312 845
314 274
326 547
334 1288
338 1316
340 1321
341 1112
342 1231
346 43
347 187
354 1282
368 50
371 78
372 1483
374 348
382 896
383 1335
398 858
399 512
401 620
404 319
417 646
418 446
421 808
423 355
428 569
441 734
451 375
456 16
470 674
472 1016
482 1007
486 205
492 608
502 987
510 922
515 1461
518 527
528 44
534 1530
536 230
538 1475
544 380
546 1130
558 693
566 1477
572 946
573 1395
575 275
579 1146
584 281
591 550
601 562
605 513
611 1221
616 483
620 877
629 1318
633 285
634 871
656 822
660 1449
672 1473
682 1301
698 691
699 148
702 445
703 339
704 1359
711 244
717 1194
725 855
743 554
784 1487
792 910
794 507
795 1114
804 402
806 1489
809 965
815 537
816 1211
822 97
823 26
825 779
835 1408
842 980
847 8
852 1162
870 440
876 347
877 1305
883 809
886 1406
890 977
902 190
912 34
943 174
944 1041
945 59
947 457
952 872
960 1424
972 1437
973 1218
979 962
981 1310
1009 1523
1017 0
1022 470
1029 83
1041 1467
1045 1101
1056 102
1061 782
1063 918
1074 639
1078 1163
1079 588
1089 1392
1094 1245
1110 318
1111 90
1112 981
1115 614
1118 542
1119 1293
1121 487
1125 24
1128 437
1130 1381
1133 1056
1143 658
1147 1486
1155 1256
1158 570
1160 1033
1164 925
1165 292
1167 249
1187 1027
1210 1202
1219 30
1222 1225
1224 1503
1230 970
1236 2
1243 1426
1244 1417
1248 1082
1250 1533
1252 1346
1253 992
1261 1263
1267 647
1270 839
1272 1090
1289 810
1309 1181
1315 1150
1319 1005

0000.jpg 0005.jpg
0 894
6 1294
9 593
11 10
13 19
17 888
20 585
22 810
23 1259
24 27
29 437
30 21
33 242
35 607
38 20
41 496
45 158
54 720
56 213
57 70
58 26
62 684
64 256
68 458
81 459
88 48
91 431
95 1039
106 768
107 187
124 102
129 1258
146 183
147 1142
152 960
166 695
167 89
173 176
184 605
185 612
220 834
248 1177
253 759
255 1020
261 917
271 391
289 439
304 373
319 1092
326 288
331 1057
338 1230
340 497
341 394
342 423
347 181
354 482
368 1003
374 522
382 122
390 924
417 998
423 681
425 1199
428 915
443 65
451 1101
456 467
470 798
472 965
474 912
492 1004
508 523
516 1064
521 1272
528 40
530 1086
534 590
536 1226
544 90
546 1302
559 948
571 50
575 641
579 127
592 1253
603 1073
611 642
616 650
620 430
633 94
642 778
645 751
652 460
654 514
657 42
659 647
672 637
674 1132
682 244
688 545
698 566
699 55
703 173
717 1190
723 860
724 678
726 498
741 236
743 981
754 166
770 74
774 68
780 1219
783 38
788 992
797 1295
811 1171
823 530
825 795
832 905
842 826
853 470
856 1085
865 483
877 1287
883 179
886 569
892 413
901 265
902 1134
912 31
922 297
927 854
928 518
930 233
935 400
937 15
943 929
944 578
949 1204
951 540
959 957
965 80
972 474
977 739
984 1078
988 837
997 346
1006 950
1009 232
1017 174
1022 357
1033 568
1039 932
1041 1189
1059 493
1065 669
1069 1095
1078 563
1080 247
1089 115
1094 263
1103 1276
1110 1053
1118 503
1121 935
1128 997
1143 336
1146 1242
1155 135
1164 1050
1165 1300
1174 24
1209 461
1210 838
1222 1061
1223 44
1224 1240
1230 874
1233 1060
1236 8
1240 978
1244 301
1253 1063
1261 1072
1268 204
1289 830
1297 1059
1298 745
1302 221
1308 230

0000.jpg 0006.jpg
0 291
9 976
11 9
12 31
13 484
17 1803
20 1944
21 1497
23 762
24 1479
30 1572
33 133
35 1435
38 1892
39 1500
41 1065
54 73
57 229
58 1639
62 1465
63 1025
75 75
78 113
81 808
86 1034
89 1099
91 886
95 312
106 574
108 913
116 401
120 60
122 1001
124 559
129 1958
130 1356
136 1579
137 1339
140 901
147 1865
162 1528
165 1485
166 1195
167 620
169 926
174 38
180 507
181 1353
187 1739
191 1313
214 1943
232 489
233 1582
246 151
248 438
253 2024
254 906
255 1323
257 732
258 818
261 440
268 1502
272 1346
290 814
292 110
293 1580
301 563
307 1952
317 1231
319 1390
326 1148
331 1627
338 992
340 504
341 1515
347 1315
354 71
362 1972
395 1889
397 2003
399 744
416 1863
418 6
424 2025
425 1332
430 486
443 748
453 1766
459 979
460 539
461 1704
474 882
476 244
487 677
488 173
492 1400
496 1675
497 847
498 524
499 1350
500 1290
508 829
510 410
513 278
515 1283
518 676
521 801
525 322
530 845
534 44
537 1557
546 738
555 1565
558 1546
565 890
571 185
572 1365
573 1875
575 594
579 505
589 1218
591 1490
601 2023
605 27
613 616
616 1898
634 1442
642 204
645 1563
656 1068
663 675
672 970
682 1770
688 1604
698 994
703 589
707 459
709 749
741 1493
743 1750
744 476
770 1665
788 1471
790 1123
804 527
806 36
809 1301
815 389
823 1593
825 1571
835 1783
847 2008
865 1161
877 872
883 1550
890 296
902 1617
912 615
914 1541
920 1871
924 400
933 273
935 757
937 773
943 1956
944 1907
945 2
949 57
951 1782
952 791
954 746
960 103
961 74
977 1984
979 798
981 254
984 916
986 2015
1002 360
1006 1573
1009 1114
1022 1211
1029 1166
1041 1740
1045 61
1056 1489
1060 520
1061 1910
1067 1902
1080 446
1094 649
1097 1595
1103 734
1112 1444
1118 1081
1123 712
1125 316
1128 1455
1139 1728
1143 126
1146 1788
1147 1163
1161 1271
1164 270
1174 62
1180 1734
1194 1735
1195 643
1199 396
1209 1654
1210 1884
1222 1888
1233 1924
1244 1862
1246 1692
1248 1640
1253 1098
1256 234
1261 470
1268 1393
1270 843
1276 1464
1289 1661
1315 1710
1323 246
1324 1530

0000.jpg 0007.jpg
1 474
4 870
6 1401
11 4
13 16
17 1221
20 1392
24 804
30 1316
33 844
35 287
38 289
41 1064
54 1383
57 66
64 705
72 842
75 575
78 17
81 709
83 35
86 1340
90 920
103 1182
106 258
111 69
118 719
124 439
130 988
138 1646
140 1424
146 446
147 651
160 782
162 670
166 204
187 372
208 1661
224 926
246 1583
248 109
253 686
254 866
257 369
258 511
268 819
287 1566
292 1378
300 83
312 1384
313 1024
317 598
319 478
326 573
331 29
335 1360
346 1546
347 884
362 629
368 701
372 815
382 484
383 554
397 381
399 1351
401 315
413 393
418 1525
423 296
425 634
430 1230
442 286
453 355
456 772
461 813
470 290
479 863
482 1337
489 174
492 277
499 107
510 903
518 578
521 680
528 48
545 1580
565 603
566 1520
572 274
573 741
579 887
589 1161
601 1062
603 319
616 854
620 92
627 207
633 1257
637 244
645 1538
657 1358
672 751
682 445
684 962
685 861
696 195
698 1428
699 1327
702 522
703 383
709 924
713 579
717 103
740 1349
741 539
743 441
744 1082
756 595
770 100
772 343
788 1375
796 743
804 1044
816 624
822 1553
823 1556
825 1431
827 1695
842 852
847 901
851 407
865 1302
876 501
883 677
893 142
897 134
901 302
902 1654
912 352
924 1396
933 77
937 21
944 106
945 721
949 257
951 487
952 326
960 59
975 1298
979 783
981 364
1006 276
1009 153
1017 507
1022 1104
1041 937
1045 442
1060 313
1061 1122
1065 1008
1078 1694
1100 1421
1118 465
1123 342
1125 1597
1128 65
1139 1642
1141 1393
1143 1492
1146 1275
1147 1029
1154 217
1161 1092
1167 1386
1174 22
1180 1342
1190 1477
1201 1665
1209 1555
1210 724
1214 265
1223 1119
1230 38
1244 1372
1248 26
1253 192
1254 190
1256 1228
1261 1350
1268 159
1275 890
1302 1676
1309 636
1315 805
1324 431

0000.jpg 0008.jpg
0 55
1 634
2 1
6 1944
11 933
13 23
17 96
20 1317
21 1299
29 1158
30 2065
38 2034
39 855
45 546
54 75
57 251
62 1321
72 2075
75 663
78 266
81 2130
86 946
106 135
112 2292
116 702
124 355
129 1650
130 1101
146 892
147 1759
152 1654
153 2309
159 2310
162 2230
166 1293
167 1750
173 2338
174 2119
185 1786
209 1924
223 2096
224 286
229 1745
232 2165
246 708
248 1910
253 1983
255 312
258 377
261 597
268 1749
271 1995
272 1603
298 930
313 996
317 2337
319 1405
321 943
326 154
331 1362
338 452
340 2051
341 1606
342 1013
346 1527
354 4
355 1884
368 1790
382 720
395 447
397 128
417 1753
423 918
424 1669
425 1711
430 432
443 402
451 1359
456 903
459 1382
460 480
470 864
472 643
476 1201
479 460
482 1206
488 1981
492 844
500 867
510 602
521 916
528 1662
534 351
536 1172
546 1677
558 1566
571 158
572 2318
573 989
575 1696
579 313
589 145
592 1950
605 185
611 1132
613 894
616 1923
627 429
629 1190
633 1086
637 665
642 72
645 565
657 830
663 1082
672 1614
682 658
685 2125
688 1556
698 1528
699 862
703 129
711 165
717 1692
734 1071
740 1294
743 1874
754 1243
756 967
792 1843
794 1183
795 926
796 1972
797 579
800 775
806 1532
808 1410
822 450
823 1008
827 575
835 2184
842 1613
844 217
847 2068
850 1836
865 101
870 1869
873 2094
877 1051
883 1093
886 488
895 238
912 1016
924 428
933 893
935 419
937 36
944 787
949 1646
975 333
977 1845
979 2357
988 1568
997 322
1003 2067
1006 683
1009 1364
1017 1027
1018 1743
1022 1458
1040 236
1041 1047
1045 1856
1056 1325
1059 1181
1060 476
1061 836
1063 749
1065 2327
1067 2238
1078 406
1080 1114
1089 776
1100 545
1110 318
1112 1649
1118 1890
1121 2006
1123 1806
1125 454
1128 594
1143 556
1146 2237
1147 86
1155 1724
1161 1773
1165 1066
1167 719
1187 2288
1192 1629
1194 1340
1209 2212
1210 880
1212 2124
1224 1710
1233 2012
1240 11
1244 1401
1248 2335
1252 2100
1253 1914
1261 8
1270 393
1272 1812
1289 896
1315 1522
1324 289

0000.jpg 0009.jpg
11 180
13 462
17 644
20 1688
22 2183
23 1214
24 3036
25 2023
30 421
35 2114
38 780
39 3000
54 467
55 2354
72 1501
75 1833
78 78
81 2021
86 848
91 2316
112 2829
116 2024
118 2387
120 1723
122 1683
124 1785
130 2197
136 2520
146 684
147 2311
152 208
159 567
167 652
169 2178
173 2566
174 1899
185 1535
222 830
229 999
232 636
246 1430
248 1694
253 1773
254 675
255 670
257 2261
258 1402
261 113
268 2637
272 1268
284 2054
292 1233
301 915
312 2457
317 2196
319 1157
326 2212
331 846
333 1736
338 2803
341 2572
342 779
346 2185
354 630
372 1632
382 2138
395 659
397 472
401 1843
413 1577
416 1192
423 2308
425 1335
430 1477
451 1869
459 1252
460 1277
461 944
470 1561
472 1476
474 1416
479 3073
481 1918
482 2713
488 2619
492 1733
499 778
503 1484
507 196
510 635
513 1440
521 1473
525 2077
530 2578
536 401
545 883
558 918
566 2112
571 771
572 2756
573 1028
575 790
579 2519
584 2629
591 2616
601 1591
605 677
611 553
613 376
616 2565
633 1901
637 2333
645 2475
652 1584
657 1265
672 1533
682 265
684 2143
685 2733
688 2364
689 409
696 548
698 1163
699 926
703 2648
709 540
717 150
734 504
741 237
759 2450
774 3028
786 960
796 2807
797 2056
804 2329
809 2864
815 1452
816 1934
817 1458
820 1242
822 3029
823 2787
842 506
844 1345
847 2876
850 1297
853 1475
865 2743
870 1699
876 2902
877 2014
880 319
883 2845
935 614
943 2718
944 3046
945 3032
951 355
964 1104
975 2894
997 308
1006 563
1009 579
1017 1983
1029 905
1041 2257
1045 2135
1048 159
1056 288
1060 873
1061 2855
1063 2562
1065 2805
1078 1769
1080 1598
1089 2440
1100 515
1103 2194
1108 1219
1112 305
1121 2345
1122 2063
1123 2073
1125 359
1128 2412
1143 1902
1146 2118
1147 1879
1155 2027
1156 564
1158 2233
1165 1998
1167 2246
1174 2445
1180 2187
1210 204
1212 505
1223 124
1224 1534
1230 1940
1233 869
1236 795
1239 1930
1244 371
1252 660
1256 193
1261 2888
1270 412
1289 1436
1302 2204
1315 315
1324 1020

0000.jpg 0010.jpg
0 1069
2 1716
11 2648
20 2859
21 1032
24 3032
25 1912
29 2733
30 684
38 1343
41 1990
54 2278
55 857
57 1775
62 2702
75 2421
78 146
81 2952
86 473
91 379
95 2414
106 1063
112 3359
116 1324
120 2432
124 2452
129 1233
130 680
136 1513
140 368
146 132
147 2196
162 1682
167 1177
174 3004
181 907
185 1761
187 1149
209 2274
220 1840
222 1250
229 1407
232 1809
248 1113
253 687
255 2045
257 60
258 2676
261 236
268 916
271 730
272 1331
298 426
317 1401
319 2409
326 3401
331 1449
333 2187
338 1899
342 3095
346 1084
347 134
354 3487
368 2804
382 495
383 1632
395 2018
397 2774
401 2668
417 362
423 218
425 987
438 1490
451 2767
459 179
460 99
470 2065
472 2336
479 3264
492 3326
499 547
508 2120
510 2143
515 405
521 1229
528 102
536 1385
546 1201
555 2393
558 631
559 658
566 2355
571 1754
573 1007
575 3387
589 8
591 2276
601 283
603 462
616 1303
620 2536
634 465
637 1383
645 1141
650 949
655 3272
656 2987
657 377
672 654
682 820
685 1701
698 3127
699 1309
703 2789
709 1557
713 2473
717 357
719 7
734 323
741 689
743 420
756 3430
770 743
774 3455
792 1863
794 1279
804 2943
806 3446
808 1648
811 2658
815 697
816 1185
822 1178
823 73
831 534
842 2751
844 3184
847 727
851 2515
852 1066
853 3242
865 1274
866 1703
870 2068
876 1395
877 3457
883 2857
886 3323
902 2002
904 1687
933 1454
935 588
943 509
944 2019
945 1980
949 1570
951 1190
952 406
960 1929
975 3355
977 1473
979 2675
997 2517
1002 892
1006 1854
1009 2260
1017 2265
1029 214
1041 1991
1048 382
1050 1412
1056 350
1060 1400
1061 2289
1065 3263
1072 1132
1074 2975
1078 552
1080 344
1089 1924
1094 1048
1097 469
1100 665
1103 1709
1112 2101
1115 1897
1118 1058
1121 1127
1123 2453
1128 3350
1141 133
1143 2976
1147 2306
1156 2582
1161 2915
1165 1289
1167 2805
1174 2745
1180 768
1186 1886
1194 1302
1198 2670
1209 1180
1210 2167
1223 2426
1224 3131
1233 1291
1234 450
1236 77
1239 1733
1244 1702
1252 1259
1256 2185
1261 599
1289 3244
1292 504
1324 2326

0001.jpg 0002.jpg
2 381
3 1134
12 26
16 24
18 7
24 32
26 507
52 62
53 637
55 119
58 1088
59 590
61 982
66 65
75 697
83 58
87 1325
93 1190
97 82
109 214
115 325
120 875
128 126
143 366
146 145
150 990
164 992
166 963
168 1183
182 1204
187 258
192 140
195 394
198 422
200 481
207 755
209 1219
214 472
230 1107
231 961
239 85
246 510
249 687
254 0
255 198
269 634
290 682
306 323
315 151
318 987
323 477
329 1215
340 483
354 1104
358 499
365 627
375 280
377 131
396 1328
400 814
402 686
406 1245
408 1138
417 200
420 312
422 790
426 1164
428 195
437 313
445 1285
467 475
468 492
476 1185
477 780
495 332
520 904
524 782
531 871
534 991
542 667
563 336
577 1031
578 515
582 651
597 307
600 278
647 858
659 1043
666 217
668 551
669 404
678 785
684 958
702 28
705 930
706 532
732 443
738 414
741 23
755 20
761 1106
762 219
763 772
773 463
775 1002
784 353
790 1042
793 53
817 133
825 656
834 642
835 1210
841 896
842 1331
843 289
869 288
871 811
873 877
880 204
881 837
882 575
891 33
896 1039
904 925
911 730
918 229
920 1213
938 664
948 1144
955 1064
963 470
976 445
982 361
990 666
992 179
995 245
1003 873
1014 290
1022 1092
1029 304
1039 684
1040 613
1046 42
1062 68
1078 226
1083 746
1098 1313
1102 1197
1103 975
1125 538
1127 557
1129 1297
1130 807
1154 1119
1172 973
1174 342
1185 489
1205 629
1212 41
1213 173
1236 1284
1238 357
1244 1207
1267 1116
1283 1227
1291 781
1325 725
1326 395
1328 1268
1329 860
1339 21
1354 1205
1358 362
1397 709
1398 1198
1403 750
1406 317
1418 511
1419 591
1427 1137
1435 915
1439 986

0001.jpg 0003.jpg
1 9
2 5
12 1122
16 18
24 105
26 224
38 1249
45 1168
52 62
53 530
55 628
58 421
59 21
66 755
74 716
85 1077
87 2
100 951
104 1127
115 905
117 1538
125 543
128 142
129 469
135 1487
138 273
150 108
155 989
164 851
166 932
170 154
177 691
187 261
192 750
195 396
196 1510
202 746
207 765
209 869
214 515
219 136
226 594
230 1505
233 172
239 1193
246 882
254 356
255 1438
275 546
278 798
285 451
287 1093
290 583
294 377
302 253
315 737
329 1114
344 502
345 347
351 339
358 78
362 293
365 695
366 1309
379 1045
386 310
396 943
402 1202
408 1281
416 680
417 249
420 460
422 1296
426 519
428 1154
439 558
445 1043
458 575
468 139
469 1292
477 920
482 783
502 104
512 1243
538 1340
543 1384
547 1181
551 1217
555 126
557 1228
563 484
564 1259
577 540
582 1265
594 1471
596 231
602 1530
621 995
624 864
645 1001
665 791
668 813
684 595
692 859
702 24
720 434
724 1345
728 744
730 25
732 1474
736 1523
737 80
738 1115
740 1044
747 1038
756 116
761 732
763 845
773 795
777 1222
790 1078
807 354
834 3
840 1439
841 596
842 513
871 374
881 928
882 278
902 781
904 1183
911 745
914 934
918 366
936 1015
938 1027
942 1294
943 804
948 1418
949 909
955 133
976 674
977 477
981 1253
990 82
996 109
997 1398
1022 185
1029 507
1037 612
1039 1004
1041 979
1051 1208
1057 712
1078 277
1079 1260
1080 55
1088 1453
1089 1395
1098 1079
1125 797
1137 118
1138 1071
1154 1083
1158 1422
1171 1379
1172 668
1178 209
1204 464
1212 961
1223 175
1236 955
1240 584
1244 1029
1246 446
1279 991
1283 793
1285 1364
1291 542
1293 1336
1317 8
1321 425
1337 1009
1339 27
1352 445
1354 843
1356 1375
1363 600
1373 658
1380 1047
1387 1539
1391 1126
1397 194
1406 1065
1415 827
1422 94
1427 547
1433 394
1435 832
1439 161
1440 127
1441 996

0001.jpg 0004.jpg
1 4
12 1373
16 600
24 671
26 218
28 1440
35 678
38 758
52 481
53 980
57 1477
59 132
66 922
72 1092
83 1143
92 977
93 1310
95 231
98 1
100 1187
115 1249
128 238
129 959
143 201
146 966
150 1306
164 555
168 1169
179 1069
187 458
192 1461
205 1280
210 1049
217 1442
218 432
219 1173
235 693
252 719
254 1315
255 44
263 206
265 120
275 37
278 187
285 309
293 1431
306 1395
309 910
315 1174
318 344
340 401
353 25
356 1225
362 228
365 323
374 190
388 1094
396 850
400 1394
402 557
408 45
410 262
416 446
417 173
419 358
420 348
428 251
445 1084
446 971
455 1099
468 480
477 717
502 716
515 592
520 984
537 1523
538 1370
544 319
547 16
551 1449
563 148
564 872
577 1079
578 596
597 420
608 1335
622 275
648 258
659 934
665 223
666 781
668 1386
690 954
730 7
732 1279
737 377
743 1256
752 1088
762 1417
763 1344
775 1359
783 453
784 708
790 782
817 1414
821 1470
824 763
841 397
872 753
876 2
880 1406
881 562
896 1209
898 15
911 658
914 256
918 817
938 1377
941 1295
942 1305
956 1082
962 362
968 1357
969 478
975 439
976 908
977 1110
984 1233
988 591
989 989
996 225
997 444
1003 402
1014 1211
1022 877
1029 222
1037 565
1039 1316
1048 608
1051 1389
1067 1487
1080 547
1089 1016
1092 1363
1102 48
1103 1530
1154 110
1174 1294
1178 437
1179 747
1181 1426
1202 524
1209 1507
1210 1415
1212 895
1236 578
1238 728
1244 102
1271 204
1275 6
1279 71
1283 738
1287 1005
1293 1503
1308 1475
1309 1326
1317 8
1322 1437
1328 1486
1352 380
1354 948
1356 778
1362 165
1387 24
1397 26
1401 242
1415 569
1418 1089
1419 550
1427 525
1429 339
1433 1376
1435 90
1439 324
1443 1392

0001.jpg 0005.jpg
12 441
58 37
59 1142
72 1087
74 1228
83 481
87 1095
94 1174
100 637
101 393
120 732
125 795
128 183
129 844
146 368
150 1039
151 901
164 1177
168 369
186 19
187 400
191 119
193 15
200 347
202 185
207 131
209 242
212 554
214 213
215 972
231 482
233 408
239 68
246 104
249 794
252 984
254 618
255 34
275 1167
279 1060
282 1226
285 1004
290 557
293 784
299 233
300 451
306 1169
315 792
318 1064
329 1091
352 857
353 23
354 894
365 1218
374 1134
388 329
390 355
393 1219
400 888
402 1033
408 357
417 73
420 522
422 562
426 824
428 187
437 1000
445 382
458 992
460 642
466 505
468 736
469 291
477 6
500 1132
502 461
505 948
510 230
511 5
512 323
522 1294
524 145
534 1258
538 499
543 893
557 1302
563 55
577 57
578 604
582 768
590 585
595 1050
602 429
607 1276
614 703
621 834
646 546
659 1259
664 78
677 243
690 1196
707 733
724 158
730 891
737 739
741 236
762 301
763 1026
790 1072
795 670
805 413
816 932
817 1015
825 1298
834 178
844 514
849 1061
852 594
853 1038
871 956
876 803
880 569
896 798
898 510
902 115
911 780
918 191
936 778
938 42
942 1287
943 921
948 883
962 1088
969 636
975 373
976 755
982 495
984 12
992 1246
1000 810
1005 375
1009 833
1010 1190
1022 430
1028 983
1033 38
1039 588
1041 118
1069 122
1089 965
1098 661
1102 48
1103 590
1155 809
1165 297
1172 128
1174 652
1178 997
1185 1278
1201 89
1209 628
1213 905
1215 266
1223 854
1236 345
1242 560
1243 682
1244 577
1275 67
1279 575
1306 524
1312 641
1317 9
1318 1204
1326 1240
1328 493
1330 1299
1339 886
1349 1272
1354 867
1356 27
1358 2
1364 1101
1366 50
1368 151
1370 1010
1397 530
1399 782
1406 21
1410 926
1415 915
1418 167
1420 188
1422 1242
1426 929
1429 173
1433 226
1434 753
1435 204
1436 508
1443 843
1444 1248

0001.jpg 0006.jpg
0 291
3 1948
12 40
24 1217
38 975
45 1284
46 1229
50 1587
52 229
55 457
59 987
62 860
66 760
74 12
75 1728
92 296
96 561
100 970
115 508
125 1571
135 512
143 2003
146 686
164 438
166 2008
167 98
168 793
170 1370
182 78
186 471
187 875
189 1929
191 1831
192 161
193 746
195 84
199 201
210 382
216 434
218 615
219 1990
226 1190
231 71
233 42
247 900
249 1986
252 341
254 1139
259 601
265 218
269 871
275 1323
278 14
279 1159
282 204
290 1553
293 337
295 1339
297 1589
306 1875
319 2023
323 456
325 676
329 1539
336 808
342 901
352 173
353 60
356 1888
361 526
362 1937
365 1137
374 1617
377 633
386 1354
388 1969
390 459
396 806
400 1803
402 222
404 1573
408 1133
410 1967
417 309
422 1001
425 894
426 1750
427 775
428 537
437 2025
448 1667
458 1471
467 647
468 75
476 2013
502 1654
512 919
520 1695
534 1649
543 208
556 1733
557 738
563 364
575 1400
577 531
578 395
582 574
590 801
596 1368
602 1027
607 15
608 1034
621 1638
659 762
668 1365
669 468
714 1934
728 643
730 252
731 278
732 915
737 1984
741 1493
753 667
756 1166
762 1322
763 1145
777 317
780 1892
817 489
825 393
834 1204
835 1131
840 486
841 829
843 103
868 923
869 497
871 947
876 359
880 269
884 680
898 1802
911 126
917 1572
918 745
938 1710
942 872
948 1882
949 2007
962 132
963 1161
976 1203
986 409
989 1382
1003 711
1022 940
1024 136
1029 631
1041 1251
1045 1902
1057 1582
1062 1422
1066 799
1078 661
1106 1944
1125 1943
1144 419
1154 122
1156 507
1178 1455
1179 905
1199 1876
1201 380
1209 889
1212 1193
1236 1437
1238 151
1244 1489
1263 1021
1285 1624
1301 688
1312 1568
1317 1309
1328 1163
1339 230
1356 82
1363 1782
1366 658
1387 190
1397 1593
1399 1557
1401 1286
1407 1501
1420 135
1422 338
1427 1276
1429 589
1433 524
1434 1461
1435 1393
1439 1701
1441 723

0001.jpg 0007.jpg
12 180
13 1148
16 40
18 537
21 16
24 1046
29 202
37 728
41 1034
58 1104
59 651
62 1518
66 903
72 826
74 1421
75 1406
83 1401
89 1331
100 916
115 1312
118 1173
122 803
128 446
129 584
140 779
143 381
164 109
166 1686
170 1082
187 629
196 926
200 213
218 701
219 131
228 1396
234 1199
239 501
246 410
249 564
252 974
255 48
265 980
278 884
293 648
306 741
318 709
323 21
324 443
325 578
329 486
342 1424
374 1654
377 259
396 963
397 1051
400 1221
402 480
408 1274
417 105
422 1164
423 1340
427 65
428 1558
468 144
505 650
511 1212
512 304
518 839
524 1473
534 1665
543 1580
563 1327
577 4
578 1670
582 258
590 115
600 1597
617 1309
659 455
665 1153
668 834
669 1092
675 265
682 319
702 589
706 1428
724 251
730 1228
737 1241
740 507
741 539
747 207
763 70
773 927
775 1304
780 60
790 1122
831 324
834 243
835 672
840 1230
853 587
868 1515
871 106
873 1675
875 1613
881 1062
882 783
884 1653
890 1413
896 290
898 201
911 74
918 61
936 1521
938 1358
942 1546
949 1431
975 1190
976 708
982 424
985 293
986 1110
995 59
997 1074
1003 1044
1014 1140
1018 1189
1022 560
1026 1410
1029 1631
1037 230
1040 1162
1057 734
1062 1222
1069 484
1071 605
1080 573
1083 670
1165 1657
1179 320
1193 467
1199 1251
1212 1647
1233 962
1236 472
1244 182
1246 238
1271 280
1279 390
1285 1457
1293 1275
1328 1029
1329 77
1349 680
1354 35
1356 13
1391 154
1397 399
1398 406
1401 987
1406 1316
1407 848
1410 954
1419 1236
1422 1342
1426 857
1427 970
1429 7
1433 130
1434 1101

0001.jpg 0008.jpg
3 1944
10 53
12 2292
18 2231
21 23
24 1958
26 1700
37 1772
41 2361
45 1938
50 2194
58 1689
59 2234
61 803
66 925
72 1891
75 1706
87 975
92 520
96 2028
97 647
100 1614
117 1196
120 1778
128 567
143 268
150 931
151 324
164 1910
166 724
167 1083
168 1075
182 298
187 419
192 1667
193 482
195 522
196 1066
198 1201
200 1210
210 483
214 1705
218 2037
230 1132
231 4
234 186
235 1566
239 416
246 2184
252 471
254 286
255 1468
259 318
263 717
278 299
282 1172
291 1675
293 1978
295 424
304 530
317 1044
323 454
326 650
329 1164
365 305
374 2240
377 2260
383 586
386 666
396 2219
400 96
402 908
408 1952
416 361
420 421
422 1194
425 236
427 1888
428 748
437 1669
439 1340
448 2126
451 187
467 2181
468 1508
477 524
510 785
511 1842
534 1611
538 9
557 1677
563 862
575 1899
578 606
582 135
590 1317
621 1822
622 339
627 2338
646 1987
653 850
659 2346
668 2001
669 1773
691 879
702 1255
706 100
714 598
730 106
737 1845
738 460
740 732
756 1828
763 1844
773 2094
780 1174
784 2333
790 1049
795 1829
825 2182
834 246
841 585
849 713
868 1239
869 94
871 1496
876 2258
880 488
896 864
899 1737
902 1558
911 556
918 251
933 709
938 830
942 1051
943 1094
961 333
962 1344
963 101
982 1904
984 2072
986 721
989 2276
995 655
1002 2305
1003 594
1013 779
1022 859
1023 1613
1034 1886
1039 168
1040 439
1041 887
1045 2238
1048 844
1051 1229
1062 536
1066 1691
1067 845
1080 2143
1083 643
1088 122
1089 1053
1102 83
1125 993
1127 121
1129 1353
1144 372
1158 1696
1174 2118
1175 1606
1179 1933
1202 1410
1212 1830
1236 1200
1244 1161
1246 2030
1253 2252
1263 2168
1267 1240
1277 804
1279 1471
1285 2309
1293 942
1309 2205
1321 545
1323 1979
1326 2062
1328 86
1329 1745
1354 1553
1356 466
1363 1297
1366 553
1387 568
1391 933
1397 12
1401 2218
1410 1489
1414 846
1418 470
1420 158
1422 2237
1427 477
1435 1769
1436 2308
1441 1181

0001.jpg 0009.jpg
2 570
3 1320
9 462
12 2829
38 2176
41 3000
58 613
59 2773
62 2836
66 635
72 1895
75 1970
83 2032
100 1189
109 446
115 527
128 684
129 1670
135 288
140 513
143 1193
150 310
151 1181
164 1694
166 2876
167 922
168 1929
169 2606
182 866
187 614
191 1995
200 1927
207 617
209 2173
210 248
214 1406
215 2228
219 2859
225 947
231 630
234 1034
235 918
246 1391
249 2996
252 569
255 2516
265 1424
278 522
279 1390
282 1038
290 1831
293 1996
306 1276
329 2655
358 472
361 690
362 768
365 836
366 2411
372 284
374 2474
377 790
402 2041
408 1072
416 155
417 565
420 314
422 3044
426 2727
428 409
437 584
445 1646
467 2712
468 2344
502 629
512 1668
520 945
534 2130
543 860
551 744
557 801
563 1800
577 1976
578 187
590 1644
609 1104
621 564
622 2962
626 2334
659 1214
668 2756
684 223
730 387
732 3079
737 2588
762 1304
763 1681
773 1026
775 541
780 1421
784 689
790 3034
834 38
841 809
856 2256
868 1229
871 3046
876 234
881 1591
882 2781
896 1561
898 1358
911 1902
918 279
936 1005
938 1652
941 2178
942 2014
962 2873
963 2743
966 879
969 323
975 2904
976 2390
986 2869
1003 1021
1022 1037
1029 2586
1039 273
1040 511
1041 1834
1080 2212
1083 598
1089 1463
1102 195
1103 612
1105 2185
1125 671
1131 3005
1154 2728
1158 2175
1179 1228
1199 1839
1201 652
1204 815
1208 1607
1212 2455
1236 2698
1244 2013
1246 1518
1263 1530
1267 1366
1275 1747
1285 2761
1291 1609
1293 515
1317 2351
1326 1242
1328 1879
1329 216
1339 33
1346 599
1349 1855
1354 644
1360 2615
1363 355
1368 2519
1387 1345
1391 1532
1397 2787
1401 992
1418 834
1419 2616
1422 2783
1429 1786
1435 1378
1439 3047
1440 2837
1443 968

0001.jpg 0010.jpg
3 3503
12 1515
15 194
38 1555
46 227
52 1775
59 2869
62 2079
66 2143
72 2394
74 795
83 2500
94 2777
96 478
120 866
129 1936
143 1568
146 1059
150 1116
151 749
153 2107
155 229
164 1113
167 1053
168 705
169 2701
177 807
187 588
192 1671
195 1900
207 1973
210 2422
214 535
219 2707
231 1133
234 1407
246 1014
248 1130
252 1022
254 1175
259 1345
265 2897
275 2132
278 190
282 2172
290 334
300 2670
315 1097
325 3332
329 409
340 293
342 368
353 1912
358 2774
360 626
362 3465
374 2002
377 777
402 343
416 1373
417 413
422 1926
426 2579
428 2792
458 2127
468 2347
476 3190
477 2681
502 681
534 1879
551 1526
557 1895
563 1309
564 406
575 1240
577 1904
578 591
582 1063
600 1712
621 2582
629 121
646 2373
668 1689
706 753
720 883
724 931
730 2423
731 673
732 1465
737 2973
738 1349
762 1702
763 2448
767 3300
775 3066
780 1797
783 3326
790 2289
821 720
834 170
835 480
840 953
841 2120
853 2527
868 2139
869 3184
871 1667
872 2708
876 3353
880 3323
896 2322
898 1030
911 2976
918 581
928 725
936 450
938 3128
942 3457
948 438
949 1513
962 1998
975 47
976 3045
986 106
989 2435
990 730
995 3404
996 802
1003 2671
1022 2536
1029 3142
1037 955
1039 2692
1040 315
1041 350
1048 2640
1068 354
1080 126
1083 1747
1125 1273
1144 849
1154 2152
1158 3387
1175 2503
1178 3350
1193 1819
1213 864
1236 3046
1244 2432
1263 2543
1267 2494
1285 2088
1291 2018
1293 3182
1296 2927
1318 1570
1321 665
1326 954
1328 1483
1354 770
1362 2718
1370 3154
1380 763
1397 2870
1401 1087
1414 2791
1420 1754
1422 2810
1429 1433
1435 2755
1439 722
1440 1247
1443 638

0002.jpg 0003.jpg
3 2
4 4
10 229
11 1077
13 12
17 683
20 1392
22 25
24 18
25 634
26 1122
28 24
31 750
41 41
42 620
43 1396
45 43
50 50
62 62
65 755
66 1345
70 1109
82 99
91 145
94 259
114 1496
120 179
123 9
125 1086
127 1221
133 839
145 505
151 737
155 1009
158 151
166 1471
173 705
175 158
185 639
189 540
194 1044
198 1438
200 1487
207 1307
216 771
221 241
229 511
236 234
252 277
258 261
269 587
270 104
289 1312
307 1286
312 460
317 1065
324 743
325 1202
327 757
336 1028
351 432
352 339
353 1126
362 370
366 78
367 1413
381 5
394 396
395 1217
402 537
412 861
414 1115
443 1474
445 674
446 804
449 1346
463 832
470 1047
475 1453
477 1539
483 1192
487 1420
490 1181
492 139
505 836
511 77
512 118
514 183
530 65
532 116
535 556
551 813
566 809
589 469
590 21
594 689
595 1536
609 1356
614 1415
629 895
637 530
651 706
657 1234
663 870
664 1027
666 82
686 592
696 1398
704 1019
714 695
730 745
738 236
755 1084
758 797
779 1012
780 920
790 279
805 499
807 818
811 864
837 928
840 1340
842 958
858 238
871 1169
877 1091
879 1160
883 1029
885 231
889 1470
896 596
904 1395
909 516
936 662
937 712
957 175
962 226
963 542
972 1293
973 668
986 161
992 851
1002 1082
1037 655
1042 393
1057 1106
1064 133
1077 276
1088 421
1092 1483
1097 996
1104 388
1106 732
1107 1538
1109 410
1119 1083
1126 949
1138 1281
1143 546
1144 884
1158 728
1160 1208
1176 748
1189 1255
1191 1327
1198 483
1205 843
1213 382
1218 1321
1227 302
1234 1154
1245 766
1246 1093
1251 253
1261 1032
1284 955
1290 827
1306 859
1346 79

0002.jpg 0004.jpg
4 4
5 512
6 1395
7 915
10 43
18 934
20 1423
21 1049
22 7
23 334
26 322
31 21
32 671
34 393
36 542
37 1110
41 38
42 1474
45 36
47 992
48 122
58 1143
65 922
70 364
83 871
85 347
91 120
94 925
99 766
100 92
125 996
131 275
133 1414
139 1501
140 1461
145 966
146 527
151 1174
159 1139
175 513
177 1398
186 1477
194 386
200 173
204 1406
207 456
213 231
214 309
229 790
240 445
264 944
280 1
283 1489
286 112
289 1424
290 1211
307 420
309 1335
312 600
324 1079
325 557
332 1124
336 148
340 682
365 495
366 201
379 1357
382 1005
387 507
395 1449
400 825
401 734
417 100
436 728
438 1282
445 440
446 1420
449 105
462 94
468 182
470 1075
477 24
480 1242
481 1323
487 554
492 480
498 1523
514 1119
515 596
516 618
532 691
537 931
551 1386
566 1482
575 962
581 293
582 443
587 1537
589 0
590 305
591 550
593 530
595 1031
608 1458
609 591
613 738
627 547
629 661
634 165
637 980
638 267
641 1231
642 2
645 1417
646 1510
666 519
667 751
678 792
682 78
684 1316
704 609
705 219
708 777
709 26
714 599
718 246
725 367
730 658
731 1333
738 796
745 380
746 1494
748 1088
750 1126
771 1118
780 262
781 1305
785 744
805 1263
807 870
808 1426
814 1394
824 985
830 1069
837 562
840 1444
842 924
858 462
864 30
871 107
872 1041
873 402
875 516
879 1280
889 903
896 1171
904 984
916 1467
930 349
935 1256
936 878
964 642
975 1530
982 457
986 837
987 344
988 504
989 1475
990 1306
992 555
1000 987
1002 1359
1031 983
1042 782
1057 319
1058 1429
1064 1452
1077 1276
1079 855
1091 1370
1092 108
1097 329
1104 901
1106 629
1107 1439
1119 748
1120 566
1133 626
1143 137
1154 1230
1163 140
1176 1533
1182 910
1183 346
1189 365
1190 1310
1197 48
1198 623
1205 948
1207 102
1210 500
1215 631
1219 174
1227 477
1232 285
1234 251
1245 406
1249 1390
1267 400
1268 1486
1274 1503
1278 647
1284 578
1290 569
1333 900

0002.jpg 0005.jpg
2 8
10 9
17 299
20 442
23 1070
26 16
30 886
32 1096
34 24
35 1165
36 503
41 40
45 29
48 708
62 298
91 183
94 1050
100 69
102 921
114 1258
117 644
119 1269
120 457
126 252
133 1015
136 962
138 725
139 65
145 368
151 792
152 823
156 496
173 905
175 71
185 917
194 30
204 569
207 437
211 810
214 1004
221 1005
224 1189
240 738
258 400
261 426
265 948
269 102
270 720
284 319
286 58
288 15
290 68
312 522
317 21
321 297
323 1169
324 346
325 941
326 127
332 673
336 55
342 652
361 495
362 2
367 374
372 383
381 115
395 1240
400 619
438 865
443 240
446 759
447 136
459 38
462 49
470 137
472 213
481 347
487 824
490 23
492 1014
498 232
499 286
511 1022
543 1204
548 158
566 1259
571 1272
594 429
608 1283
614 1008
625 1171
636 257
641 423
656 1298
657 180
664 42
666 391
676 176
682 557
686 1033
704 1065
714 288
718 842
730 780
738 1228
739 978
750 890
751 206
755 131
760 490
761 1199
772 1026
774 1061
780 6
785 866
790 568
811 956
814 1233
824 567
846 591
858 815
866 857
869 268
875 732
879 1217
883 577
888 566
896 523
904 63
914 560
925 1164
939 243
955 425
964 544
973 128
975 590
982 352
987 1064
990 1039
992 1177
998 791
1032 464
1037 198
1039 798
1043 314
1052 1190
1057 539
1058 709
1071 5
1092 512
1104 894
1107 642
1126 459
1134 301
1143 1020
1144 883
1164 1091
1176 434
1180 1219
1183 369
1187 932
1192 1132
1197 48
1198 126
1204 50
1205 867
1213 1048
1215 879
1219 242
1227 992
1232 1291
1234 187
1245 902
1267 458
1268 493
1272 375
1278 1095
1284 261
1290 915
1305 1063
1312 597

0002.jpg 0006.jpg
2 1620
4 1204
5 1092
9 415
10 1309
11 1034
19 1814
20 1320
22 343
26 154
28 1628
30 265
31 99
32 1217
33 494
36 1081
42 925
45 1413
48 1356
52 1676
62 229
65 410
68 1422
77 2023
91 438
94 270
100 1390
115 871
126 381
131 633
133 489
137 346
139 1952
142 254
145 273
151 338
152 1922
158 309
175 181
194 11
198 1283
200 512
204 269
205 1627
212 1064
213 643
216 647
221 1346
226 661
229 712
240 1773
245 1474
252 1142
258 979
270 21
288 353
290 1902
299 586
307 1573
309 1737
317 1419
324 9
332 1929
353 6
361 874
366 624
367 1088
372 812
394 199
395 1617
400 1350
402 992
422 433
424 1907
440 1155
443 915
445 1203
470 1161
477 863
481 648
486 1890
487 705
492 75
499 1137
500 1710
503 1734
521 1943
530 1670
571 1740
575 798
590 987
595 1822
597 897
605 1718
609 496
613 959
614 1836
625 262
629 732
634 1099
637 1233
644 903
656 393
657 1921
663 1561
666 1314
667 1301
682 1490
686 222
696 1783
704 579
713 1656
714 1148
722 286
730 427
738 12
746 1252
750 2035
751 574
755 1352
761 1332
772 1421
780 1967
781 3
785 1338
790 10
800 1932
811 947
814 1803
816 1728
824 835
840 1828
842 1247
872 422
873 527
888 1021
889 74
896 829
904 1695
915 1041
930 826
936 508
963 1889
964 1193
973 1168
975 104
982 623
983 822
986 1701
987 656
991 1958
992 1482
1000 1880
1013 1733
1042 1910
1043 1408
1092 595
1104 1246
1107 809
1119 1917
1126 808
1138 1106
1143 352
1144 498
1160 1015
1176 58
1179 1587
1192 1182
1197 139
1198 1720
1204 78
1205 1123
1213 1239
1219 1403
1227 1471
1239 1735
1240 1298
1241 676
1251 924
1268 1719
1284 1437

0002.jpg 0007.jpg
4 17
6 85
9 1228
10 1421
18 455
22 1383
23 1033
24 40
25 681
26 867
30 16
32 596
34 171
35 621
36 465
37 1103
42 1684
44 265
45 1157
48 279
58 1401
65 903
68 1222
83 898
85 501
119 117
125 577
126 446
131 259
146 578
153 134
158 105
160 470
173 1195
175 11
194 507
203 782
208 393
209 861
216 195
221 546
226 31
240 522
245 268
252 778
256 313
264 45
265 650
269 439
278 1597
283 454
288 1396
290 624
307 825
313 353
317 1316
323 741
324 4
327 380
332 1386
336 1327
366 381
367 692
376 1653
382 545
400 1017
404 1092
412 1027
420 863
423 1460
424 244
436 1583
443 327
445 708
454 75
463 927
470 430
472 1607
475 1140
483 159
487 1622
492 701
498 153
507 316
515 1670
532 1428
535 145
551 733
582 1427
590 651
595 764
597 163
608 1634
613 1162
614 848
625 933
634 958
636 47
642 243
660 202
663 634
664 1358
666 576
667 262
684 407
686 480
709 399
714 573
722 1430
724 1251
730 924
733 805
738 10
739 498
742 1155
746 670
748 1679
751 258
755 74
782 1473
785 1490
811 106
814 1221
816 1642
824 1389
833 88
837 1062
840 1437
842 422
858 184
860 77
866 283
867 282
869 839
872 652
873 1044
879 280
896 1580
904 67
909 1190
914 217
948 376
957 996
963 1686
964 989
972 1601
973 807
975 1643
982 724
983 170
986 1202
1002 1304
1019 1665
1031 1302
1039 290
1043 836
1057 494
1058 1465
1077 1089
1088 711
1092 301
1106 1357
1119 826
1126 1675
1138 1274
1150 319
1169 1119
1183 612
1189 52
1190 364
1192 920
1207 182
1213 1015
1215 558
1218 1651
1219 844
1227 518
1231 59
1233 1309
1234 1572
1248 962
1251 843
1254 1287
1261 1466
1263 1082
1267 1114
1268 1029
1278 1405
1284 552
1307 1328
1333 936

0002.jpg 0008.jpg
0 286
4 246
5 228
9 500
10 369
12 2252
13 607
18 1997
20 1203
22 75
25 2250
26 1358
31 1777
32 1958
34 1347
36 1890
45 1170
48 538
62 251
65 602
68 2177
85 416
91 593
94 502
99 1073
100 2080
102 1094
119 2117
125 570
126 567
131 2260
133 2165
137 368
139 1419
140 1667
142 860
145 2233
151 336
156 1044
175 3
177 1553
185 597
189 930
200 586
205 1634
212 377
215 1735
229 1265
236 864
245 655
252 165
258 769
264 1473
268 1278
269 355
270 18
278 1659
280 115
284 1008
288 397
298 664
312 421
317 2065
323 989
325 1454
332 2140
336 862
349 2013
353 456
361 1904
362 1950
366 1495
367 2289
387 2189
394 476
399 1669
400 1134
404 1773
414 460
422 559
424 787
443 127
446 1983
449 2197
462 1282
463 2094
470 225
475 2181
477 454
487 1874
490 903
492 1790
499 111
507 1700
510 2184
511 630
515 606
532 100
538 203
543 2160
545 1290
551 2001
553 1054
571 916
573 805
587 544
590 2234
625 2011
627 154
629 1125
632 804
634 435
638 2124
657 1782
662 1954
663 796
664 830
666 1995
667 1077
676 2338
682 971
686 908
704 1171
718 2096
722 1158
725 2070
730 1956
738 344
742 845
746 2230
755 1388
779 1152
781 1051
785 1443
790 560
807 1187
811 2175
814 1816
824 1688
842 452
858 0
860 186
866 506
871 430
872 142
873 594
875 1778
877 98
879 434
888 811
896 510
904 2100
916 1047
918 879
930 1403
963 447
975 1190
982 803
986 2351
987 1147
990 931
1000 847
1031 614
1042 1049
1043 1970
1052 1255
1057 1962
1077 531
1088 1689
1091 2066
1092 793
1104 55
1116 469
1119 1891
1121 709
1126 2130
1134 1401
1143 129
1144 1578
1154 395
1160 1229
1183 1075
1197 83
1198 700
1204 298
1205 1987
1210 1045
1215 1488
1218 1015
1227 1516
1232 900
1241 221
1246 1295
1248 788
1261 311
1268 86
1280 1399
1284 2146
1325 975

0002.jpg 0009.jpg
5 1187
6 1978
9 618
10 1337
20 2677
22 44
26 2976
30 496
31 2380
32 1501
34 1488
36 2686
37 1150
42 2458
45 3066
48 1783
65 635
68 2790
77 627
82 1674
85 2902
91 596
94 743
126 684
131 790
133 936
139 2354
140 2837
145 1042
151 1102
158 565
173 1608
175 427
177 2848
194 461
209 2733
214 446
216 1538
219 1304
224 1019
229 2073
240 1343
245 1814
247 2533
252 1544
256 1381
258 831
260 794
264 1376
265 1104
269 425
270 262
274 2149
278 59
288 1345
307 123
312 314
317 439
323 1028
324 1344
325 2002
332 1199
336 1968
340 375
353 566
356 2718
361 330
362 1672
366 1275
367 1419
394 22
395 744
402 2803
414 1271
420 3031
422 240
424 3046
445 2124
462 2547
470 2743
475 2712
477 359
492 1874
498 579
499 472
507 2225
515 187
522 969
530 2154
547 884
582 2448
587 656
597 2927
605 1065
609 655
613 393
614 1371
625 1388
627 836
629 438
630 3015
632 3005
637 506
638 505
645 2406
648 2450
656 399
657 1909
663 1804
666 961
667 2864
682 750
684 3042
686 2041
704 1877
713 2752
714 1068
715 2478
730 1422
731 194
738 779
746 1292
750 2283
755 617
781 1609
785 1790
790 1524
807 2644
811 1302
814 2694
824 2786
837 1591
840 2633
858 1107
860 1278
861 1847
864 2435
872 683
873 2329
877 128
879 2046
883 1409
896 1357
904 945
914 1433
915 1378
925 319
930 487
936 448
963 659
964 2387
972 1496
973 1449
975 3057
982 1439
986 1250
987 300
992 1486
1000 2424
1002 2983
1031 1976
1039 1561
1042 2855
1057 1667
1068 2334
1088 613
1092 1037
1104 2281
1107 553
1116 1366
1119 333
1123 3076
1126 2021
1138 1072
1143 830
1144 2541
1160 1741
1190 539
1197 195
1198 1579
1204 866
1205 644
1213 1067
1214 2756
1215 2951
1218 1977
1219 2173
1227 91
1234 507
1241 21
1261 1140
1268 571
1269 2572
1274 2264
1284 2900
1297 1219
1315 2152

0002.jpg 0010.jpg
4 371
6 989
7 1780
9 2185
10 795
11 1361
19 2736
22 2278
23 3109
25 3325
26 1072
30 109
31 1794
32 3320
34 2899
36 1058
41 192
42 1002
45 322
48 2890
55 3020
62 1775
65 2143
80 1991
82 458
86 2930
94 2025
100 1446
102 2866
123 135
125 3133
126 2897
131 777
133 1809
134 1618
139 789
142 186
145 1432
151 1097
158 413
160 1033
173 2146
175 1898
177 2481
185 236
198 405
204 3323
209 646
211 1457
221 5
229 2049
240 455
245 3404
258 179
269 2245
270 19
285 196
288 3184
289 2598
290 1185
317 684
323 1007
325 150
327 981
332 1497
336 1455
340 1476
366 1568
367 2371
381 1924
387 2842
395 160
405 296
420 1349
422 1525
425 2583
445 3045
446 1190
449 2959
462 2464
463 1967
470 763
475 380
492 2841
498 2260
499 2774
503 2746
511 3091
522 3460
538 168
551 1689
566 2764
575 2675
582 2795
587 2100
590 2869
605 2528
614 1008
625 446
627 126
629 1437
637 20
641 3095
645 1702
646 3432
651 1063
657 566
663 2483
666 730
667 3074
682 597
684 1665
686 832
704 1561
709 127
713 1703
714 3401
725 2029
730 1065
731 2803
738 3116
746 1682
750 3473
753 2386
755 2104
790 1490
807 816
811 1334
814 3263
837 283
840 2847
860 1454
866 709
873 2943
879 1574
889 695
904 68
915 2111
916 3148
930 1268
936 1223
954 2701
957 1486
962 2355
963 2018
964 2157
973 2546
975 1165
982 1152
987 490
991 1233
992 1507
1000 1558
1002 3066
1031 1904
1042 2289
1057 1585
1058 734
1077 2209
1088 2633
1092 2453
1097 1988
1104 1276
1106 80
1107 433
1116 2494
1117 3142
1119 2089
1126 2952
1134 3503
1143 1250
1154 1384
1166 1974
1176 1612
1189 2419
1197 1754
1204 1287
1205 770
1213 1663
1214 3417
1215 409
1234 2332
1240 2723
1241 476
1251 157
1268 1483
1284 689
1307 467
1311 2927

0003.jpg 0004.jpg
2 663
8 8
12 596
19 413
24 370
25 7
29 1049
33 432
38 1077
41 38
43 36
45 944
50 1396
54 1082
55 66
94 1174
95 174
99 665
100 155
103 86
104 716
105 1367
116 316
122 901
139 480
142 238
145 120
146 970
153 916
154 93
161 324
171 530
177 504
179 1164
194 26
200 809
203 1005
209 437
214 333
217 287
219 514
229 43
231 1190
236 796
242 577
250 1373
253 197
259 1335
261 458
262 158
267 1359
272 450
273 706
276 1276
299 1467
302 477
313 790
316 1247
317 752
319 989
322 728
339 1390
347 331
354 751
358 1256
377 717
391 1068
394 1376
395 218
410 1454
411 977
414 1245
425 753
430 626
432 1419
434 1244
445 380
451 399
456 281
460 348
469 959
477 1110
483 623
485 445
486 1112
495 931
511 817
512 1471
515 542
516 439
530 980
540 687
546 137
567 1301
592 696
594 1339
602 1345
618 478
624 1233
654 428
664 1118
680 446
691 588
705 297
707 810
712 231
724 1085
737 161
743 1079
745 658
747 734
750 20
754 895
755 922
756 801
760 382
765 932
771 1406
779 839
781 1395
788 198
791 223
793 738
809 1482
813 1502
819 407
827 569
832 582
836 374
839 1414
851 555
861 527
864 693
872 1
884 1486
885 1439
905 537
916 344
925 271
931 845
951 1187
955 578
958 924
980 1104
996 329
1004 1316
1005 182
1009 1475
1012 33
1018 1211
1019 609
1028 1494
1032 97
1042 165
1044 386
1047 1075
1065 154
1067 325
1078 782
1083 110
1084 497
1086 1512
1099 1357
1107 1533
1109 364
1110 714
1122 322
1126 349
1127 1124
1134 30
1139 686
1154 251
1167 94
1186 1149
1189 431
1192 690
1202 557
1208 1526
1217 1449
1221 338
1240 1099
1252 1246
1259 1310
1262 1490
1265 1129
1292 1146
1294 1305
1307 456
1333 1477
1336 1503
1345 815
1353 617
1354 1142
1375 778
1386 1089
1398 1408
1399 1492
1413 822
1420 554
1422 278
1430 105
1438 1461
1466 102
1471 1528
1483 366
1487 173
1490 1293
1509 1294
1539 24

0003.jpg 0005.jpg
2 1095
3 178
8 9
10 1174
12 891
17 20
21 314
24 236
33 1111
36 886
41 40
43 29
45 763
46 1276
62 70
70 137
78 247
82 391
98 1275
101 945
103 684
104 461
105 541
108 1039
115 1290
122 1101
125 1063
126 1038
133 999
137 1187
139 736
142 183
146 1117
154 826
161 1060
164 983
175 854
179 457
183 318
187 1196
197 929
209 997
231 742
236 1228
249 73
261 400
273 331
276 978
293 89
297 798
302 992
304 708
320 957
322 954
347 114
354 930
358 1291
359 297
360 54
369 514
385 734
388 392
395 12
411 675
427 1186
434 294
460 522
484 619
489 594
495 1219
496 705
499 857
515 771
540 57
546 1167
557 176
575 647
583 557
587 102
596 523
630 815
639 917
662 325
668 128
683 299
695 288
700 24
705 753
727 38
737 792
743 864
756 668
761 1274
765 868
771 569
776 1054
781 115
792 320
797 490
798 71
804 759
827 915
832 204
836 243
839 1015
843 867
851 1177
853 495
859 923
861 752
867 5
869 1255
870 1199
884 1079
905 593
918 1279
920 6
931 531
951 637
958 977
969 612
976 165
977 879
995 460
996 493
1009 561
1011 354
1015 1021
1019 1065
1020 892
1027 42
1028 545
1029 577
1032 1107
1038 230
1046 1282
1047 78
1065 986
1068 791
1089 1183
1091 1061
1093 1122
1100 1242
1106 539
1109 1150
1110 706
1121 1072
1122 16
1126 482
1127 1192
1154 187
1160 1217
1168 503
1193 68
1202 941
1221 1010
1222 729
1228 1302
1246 741
1259 463
1263 431
1265 1252
1283 932
1294 1287
1296 562
1297 924
1307 437
1312 166
1336 1240
1345 158
1349 998
1375 1011
1386 167
1398 1266
1399 184
1400 499
1402 375
1413 374
1418 883
1432 1128
1455 670
1471 993
1481 181
1483 91
1496 1258
1538 642
1539 15

0003.jpg 0006.jpg
2 278
8 1309
12 378
17 1645
21 987
25 252
26 1379
33 615
46 15
50 1461
55 558
62 229
77 110
78 446
82 1314
85 1902
95 1403
103 1465
104 414
105 1023
116 1166
118 958
122 1246
126 734
128 1688
133 1794
134 507
139 75
146 1739
154 1370
156 1142
158 1336
161 1701
172 587
175 22
179 155
185 1195
200 1357
209 775
219 1435
226 426
231 1368
234 886
236 12
241 1346
243 1802
249 309
253 924
259 556
261 403
273 570
293 1937
302 1092
317 890
322 1431
347 1087
354 1358
366 745
377 3
378 524
388 291
389 913
396 776
427 1990
430 698
465 1516
477 1573
484 1350
505 273
511 712
516 917
537 992
540 531
542 1889
546 352
558 1735
566 1057
575 1471
584 332
587 1776
592 485
594 1190
595 1671
596 829
607 2025
612 725
628 457
654 694
664 1981
673 1996
674 1203
680 6
704 4
705 1685
706 574
737 994
743 1926
744 643
745 427
748 58
750 99
754 1193
755 410
760 447
764 541
771 647
781 1875
788 795
791 1500
792 803
793 959
797 1943
798 649
804 1619
812 1122
827 1392
832 1393
836 1159
841 1098
845 1145
851 1482
861 292
863 173
864 774
884 498
887 1421
905 287
906 246
909 2007
920 1967
931 1225
951 970
958 1247
980 1797
986 10
1001 1814
1015 27
1029 1251
1030 1964
1032 1286
1038 200
1044 11
1047 900
1065 1419
1083 122
1084 1352
1089 2013
1091 1888
1092 409
1093 491
1106 1793
1109 373
1110 40
1114 1539
1115 1980
1121 470
1122 154
1126 826
1127 1629
1134 1754
1139 1963
1149 1728
1154 537
1167 401
1186 1669
1189 1651
1202 1014
1204 1777
1208 1015
1218 1595
1221 325
1228 738
1234 1915
1236 296
1262 814
1270 1161
1279 394
1309 1181
1323 847
1335 201
1338 1211
1363 578
1370 1334
1372 1200
1379 428
1384 208
1399 361
1413 1068
1418 1882
1420 1750
1422 1755
1432 1749
1438 1283
1466 1489
1470 74
1471 622
1483 595
1487 512
1488 808
1496 1952
1526 2015
1538 563
1539 855

0003.jpg 0007.jpg
2 861
3 243
4 17
8 1686
10 119
12 1228
13 1161
17 1644
18 40
27 16
33 30
43 777
45 1083
46 3
50 1
70 430
74 473
79 1485
94 1342
95 844
99 109
105 1297
116 1428
118 739
136 1634
137 749
139 701
142 446
146 372
151 105
158 11
167 376
168 602
172 878
175 762
179 1058
190 839
192 1473
200 1640
209 65
224 350
236 10
259 554
261 629
302 518
317 664
322 1583
333 265
354 395
358 332
360 502
378 130
387 1431
389 1685
393 835
396 470
408 290
410 1338
412 1525
420 217
421 711
430 162
432 582
434 80
438 1187
451 310
484 107
485 522
499 1350
502 226
511 759
512 824
513 782
515 465
530 852
537 422
540 900
542 1546
584 439
607 353
633 1540
634 681
663 1252
664 989
674 708
678 1251
695 573
700 22
706 258
709 111
716 1421
732 1357
738 274
743 4
745 924
750 37
756 592
761 464
765 1492
769 1092
771 195
788 957
792 1277
795 670
813 733
852 1409
856 1155
861 578
869 937
870 634
884 1029
885 933
931 1384
946 1646
961 1647
979 588
1005 857
1015 150
1018 1140
1026 1653
1028 1327
1032 1579
1038 207
1044 507
1058 1581
1065 1316
1077 827
1082 1304
1083 916
1084 74
1086 1512
1093 178
1114 486
1115 7
1121 89
1126 1434
1127 870
1137 962
1151 552
1154 1572
1162 391
1178 1016
1192 159
1202 424
1205 642
1208 268
1218 1625
1221 1323
1249 541
1251 132
1256 903
1259 228
1262 1566
1270 1302
1279 1056
1281 1274
1293 1601
1336 1275
1338 707
1345 750
1370 1555
1375 607
1384 1580
1396 1159
1413 692
1418 1127
1420 441
1422 763
1453 1151
1465 244
1471 300
1483 511
1487 124
1496 1665
1510 926
1528 821
1539 21

0003.jpg 0008.jpg
2 975
3 597
8 451
9 29
12 607
13 198
17 2294
21 1288
24 1255
25 99
27 1608
29 173
33 1040
43 1170
44 1229
45 2021
46 333
50 641
55 1684
70 1526
78 45
98 1971
99 647
103 1321
104 215
105 2186
115 2079
116 1828
118 1169
133 238
137 1234
139 1790
145 593
146 2311
153 679
154 1765
158 293
161 2137
172 1668
182 358
190 983
194 2087
200 2159
209 1396
217 601
231 2112
234 864
236 1013
241 1603
253 626
261 419
262 1739
273 1533
293 82
317 1357
347 1356
352 1553
354 1077
360 151
361 663
370 1950
396 522
400 804
411 520
421 1689
434 1994
439 1290
460 421
469 1027
499 1981
505 2233
511 1265
512 1438
530 1613
542 447
546 2168
558 1340
562 1372
583 971
584 355
592 1182
600 1441
602 269
607 1669
634 1809
654 251
662 729
664 2296
673 878
695 305
704 283
707 2326
728 1833
737 336
743 54
745 273
750 1777
755 925
762 1735
765 1575
771 488
788 1937
791 855
792 2029
797 993
827 564
828 1807
832 1769
851 1910
859 132
861 1993
864 1566
875 664
884 2086
905 2003
931 1460
932 724
939 879
951 1614
956 286
958 452
969 524
979 1253
996 1181
1009 346
1015 791
1027 830
1028 2128
1029 1345
1032 2330
1038 775
1045 1486
1065 2065
1083 1891
1084 1905
1086 570
1093 680
1100 2237
1109 1523
1114 1212
1115 460
1121 8
1122 2022
1125 1670
1126 456
1127 44
1139 1701
1151 921
1154 1261
1167 702
1181 1589
1202 1454
1218 1886
1221 1793
1228 1677
1259 929
1265 135
1270 101
1279 1511
1293 988
1294 1051
1297 677
1309 1832
1336 1710
1345 1339
1353 1293
1372 1726
1379 1472
1384 1591
1399 405
1418 1756
1422 1672
1432 1773
1464 2332
1465 665
1471 1880
1483 941
1487 586
1496 951
1498 709
1512 1294
1538 1196
1539 463

0003.jpg 0009.jpg
2 1440
4 113
5 570
8 2351
12 189
13 58
17 2612
19 254
21 41
24 3062
25 1031
26 1157
27 33
33 2664
36 496
43 3066
45 1501
50 1246
55 2212
70 3024
78 203
95 2173
98 1189
103 2345
104 262
105 3036
111 2478
116 1054
118 1792
127 2837
133 1836
137 1675
139 1874
142 684
146 1739
151 565
153 1771
154 1827
158 1661
161 645
172 1170
179 2757
190 2941
198 2572
200 2845
217 72
229 2185
231 686
234 2316
236 779
259 1049
261 614
273 2985
274 1371
278 2524
283 1880
286 1375
293 652
297 1561
299 1294
302 90
317 2868
347 2681
354 1881
360 2994
361 2141
396 22
421 613
425 446
430 584
432 2168
434 1323
460 314
469 1670
502 1687
511 1402
512 1316
513 2764
515 1347
516 2904
530 506
542 1609
546 1184
558 2252
581 495
584 865
592 1813
594 3069
595 450
600 1113
635 2411
655 1288
664 2688
674 2124
691 398
695 1068
704 296
705 14
710 1730
737 2245
743 308
750 2516
761 1765
771 1538
779 168
788 682
792 2409
795 1026
797 1002
809 2442
827 590
832 2109
851 1694
859 459
861 334
864 918
869 18
884 404
886 850
931 924
955 2698
958 503
969 1535
975 2968
979 1647
980 1622
996 2672
1004 3042
1009 2663
1012 2507
1015 374
1025 2152
1027 1652
1028 1701
1029 1625
1032 2913
1038 696
1044 109
1046 1806
1047 2743
1077 1267
1083 2728
1084 2208
1086 766
1099 698
1109 2526
1114 2734
1115 1271
1123 2273
1126 1532
1127 1361
1140 1710
1154 409
1167 2024
1181 2322
1183 319
1186 2624
1193 3028
1202 1082
1208 1741
1252 1376
1259 135
1281 1072
1292 2519
1293 1496
1294 2014
1336 1590
1345 2102
1370 611
1372 2382
1379 380
1384 883
1398 2767
1399 890
1401 2398
1418 2771
1422 1172
1432 1198
1446 2334
1453 1296
1466 288
1483 372
1496 1460
1539 359

0003.jpg 0010.jpg
2 2264
3 212
8 2141
9 135
12 18
17 1693
18 1819
21 2869
25 2423
33 3290
36 3341
41 192
43 187
50 1980
55 1144
62 1775
73 1955
78 3238
80 3431
98 418
99 2538
103 2702
104 962
105 1467
108 2414
118 1800
126 2527
127 1247
133 2726
139 2841
142 2897
146 803
151 413
153 1225
154 2506
158 1852
161 1811
168 2889
170 3430
172 1370
179 492
185 2453
194 3446
200 2904
203 1590
209 3350
217 860
219 1563
229 1035
231 2522
234 2065
236 3116
241 1331
242 775
253 157
261 3093
274 699
293 3465
302 1573
317 1168
322 1360
347 52
354 3074
361 95
388 1282
389 1039
396 1900
398 2694
425 665
434 883
451 3095
469 2391
477 817
484 1527
490 1703
496 2218
505 1454
507 3142
511 2717
512 972
513 2396
516 2879
528 1859
530 2751
540 426
542 2018
546 2132
558 2032
566 3359
594 2585
600 1149
602 361
624 2354
634 3325
639 236
655 1933
668 2546
674 3045
691 104
704 292
705 1410
706 1063
712 2403
716 3376
737 2556
743 2517
744 2762
748 1612
750 1794
754 2157
760 3401
761 3436
771 1756
779 571
788 319
792 2901
797 702
809 2764
813 1689
827 2168
832 2111
845 1028
848 2156
851 1507
859 1108
861 1776
864 3381
884 2306
905 383
909 1513
932 1745
955 3046
969 1706
978 353
979 458
980 2039
991 2784
996 2820
1004 1665
1009 327
1015 2516
1019 1561
1028 1214
1032 1211
1038 2593
1046 3422
1047 1199
1054 1238
1082 3066
1083 2980
1084 2024
1086 875
1087 2365
1091 933
1093 1566
1109 1382
1114 1504
1115 3462
1126 65
1127 1827
1150 3049
1167 1592
1186 472
1202 150
1234 566
1239 2861
1253 1855
1259 3459
1270 1274
1293 256
1294 3457
1297 1613
1312 2598
1336 1481
1345 3156
1370 484
1375 75
1384 2597
1392 2900
1398 264
1399 2770
1413 204
1418 438
1422 3000
1432 2747
1436 3132
1438 405
1439 953
1453 1027
1464 1031
1466 350
1471 629
1483 2676
1496 2366
1538 1414
1539 3184

0004.jpg 0005.jpg
1 4
2 8
6 67
8 9
16 995
24 15
30 775
36 29
48 48
50 1003
64 670
70 741
86 684
88 368
90 204
93 826
94 49
97 1107
100 644
105 1030
115 557
118 661
132 1142
137 1020
148 55
155 172
158 1276
165 605
175 431
178 188
182 638
187 181
192 879
204 1217
215 375
223 1083
228 386
230 1226
231 1028
235 854
238 183
249 612
251 187
261 708
264 546
274 678
275 641
293 314
311 957
315 319
324 1060
325 1113
338 1010
344 1064
348 522
364 1150
368 594
374 243
375 1101
398 173
420 307
428 70
431 540
437 997
445 738
456 437
477 992
480 736
487 935
489 695
497 746
504 646
513 778
514 1221
527 752
554 1234
555 1177
557 941
559 982
566 44
569 915
570 1130
578 345
596 604
597 21
599 288
609 1065
610 534
626 1000
634 426
642 555
647 1095
665 73
673 1132
682 351
690 42
696 1033
706 331
710 514
714 706
716 461
717 6
771 593
786 687
789 791
790 298
795 26
796 423
807 505
809 1070
821 1259
822 374
825 619
834 528
845 531
847 798
876 829
877 430
900 1091
908 543
910 266
918 1134
924 1243
925 1050
931 1219
935 1072
941 242
944 69
956 38
977 675
983 57
984 63
985 435
987 1062
992 1063
1004 498
1016 965
1018 413
1040 5
1041 578
1054 818
1069 932
1073 233
1075 78
1079 10
1088 1251
1094 635
1095 464
1101 31
1119 318
1124 673
1129 1252
1143 481
1146 469
1151 457
1158 198
1171 523
1174 792
1187 1275
1194 1190
1205 192
1211 68
1218 355
1221 642
1230 185
1242 199
1245 263
1246 763
1251 20
1268 1138
1276 1186
1278 299
1279 1123
1281 560
1282 865
1285 761
1289 1085
1293 647
1294 371
1305 1287
1306 1039
1321 497
1351 297
1357 1293
1373 441
1374 1187
1376 226
1377 444
1381 705
1390 825
1392 843
1394 888
1395 1169
1398 80
1406 569
1408 123
1414 1015
1420 759
1431 541
1432 1051
1438 166
1440 952
1450 1294
1452 539
1458 1283
1465 1224
1467 1189
1470 1228
1489 399
1490 887
1494 545
1501 65
1502 1282
1503 1240
1504 588
1507 628
1517 1122
1519 30
1523 232
1530 590

0004.jpg 0006.jpg
1 1262
4 1204
7 73
8 1309
11 1356
20 99
24 210
25 60
30 1214
34 615
36 1413
37 1323
48 77
55 783
64 1284
66 558
83 1166
93 1370
102 1489
108 595
109 1122
110 122
115 1553
120 438
124 1595
132 987
133 118
137 352
158 901
161 994
165 1099
174 1403
178 101
182 1956
187 1620
190 1617
201 1296
206 1637
219 795
220 120
223 1472
228 1937
235 22
261 1142
262 1980
275 1568
283 1555
287 253
295 570
296 712
297 1685
305 803
315 1899
322 154
333 18
344 656
349 826
377 1984
380 1216
382 447
386 11
393 2012
394 1211
397 829
402 711
428 694
431 1651
437 1455
440 1543
445 1773
446 6
455 2025
504 110
512 1092
513 27
514 1435
527 676
537 354
542 1081
547 1148
554 1750
555 1482
566 961
569 1392
577 1492
578 1437
580 998
596 395
606 1739
623 1306
626 698
629 563
642 324
647 2028
663 278
665 309
682 559
686 1963
693 1546
716 1692
718 58
719 341
738 959
748 1917
771 976
782 1910
790 745
795 132
796 12
809 1357
822 1068
844 1539
845 1566
864 1952
871 1442
874 473
895 1193
896 444
900 1890
902 2023
903 221
910 240
915 411
922 372
924 1247
935 470
941 133
944 1390
977 296
984 1695
987 667
996 402
1032 507
1049 771
1056 1402
1075 900
1079 9
1082 849
1092 1522
1094 1969
1101 61
1104 1797
1110 1573
1112 1106
1115 212
1118 1441
1124 1823
1131 1691
1139 1491
1143 1922
1150 1710
1153 1052
1158 102
1174 338
1187 970
1193 589
1211 1902
1215 1181
1245 831
1246 1035
1251 1892
1263 1832
1267 847
1268 75
1276 2010
1279 915
1282 1227
1287 1286
1293 967
1301 891
1305 872
1310 254
1316 1885
1318 883
1319 41
1321 504
1323 648
1335 556
1339 1190
1344 1145
1346 1520
1355 422
1357 1976
1359 426
1373 40
1374 1225
1390 1312
1394 1803
1406 1116
1417 1322
1420 1458
1424 103
1426 1634
1431 1007
1439 809
1452 1793
1454 1420
1461 1283
1463 1876
1467 1740
1470 1919
1471 1549
1476 1123
1477 203
1486 1719
1489 36
1490 814
1494 1604
1497 201
1501 748
1504 136
1507 889
1519 1908
1526 1015
1530 169

0004.jpg 0007.jpg
1 1300
4 243
7 1383
8 1686
11 977
16 467
20 681
24 1597
26 399
28 1274
30 417
31 319
36 1208
38 48
39 600
73 1463
86 1600
87 763
90 159
97 1553
100 862
102 182
110 916
113 1451
116 119
132 651
141 150
148 1327
154 298
164 878
165 641
173 105
182 857
190 1654
192 558
201 381
204 280
220 49
223 1153
225 707
238 446
242 987
285 1257
287 17
295 761
297 1195
307 962
324 899
325 169
333 846
334 526
339 383
344 709
347 501
374 1184
380 1098
386 507
397 1580
402 1044
407 954
420 339
428 489
437 65
440 287
443 1427
445 522
455 353
458 629
480 144
483 854
487 1380
489 303
498 839
514 1180
527 578
542 465
554 781
562 1062
580 1638
596 1404
599 573
600 40
608 310
618 443
623 934
626 162
629 1357
633 1498
658 924
665 109
683 394
687 900
691 1428
693 1246
716 1162
719 1491
728 1583
738 1645
742 1236
782 1122
792 227
807 284
825 1017
837 1202
845 1384
864 1665
871 898
876 1305
877 92
893 826
895 1647
896 484
900 936
910 704
915 537
922 903
931 1205
935 89
937 1263
944 536
977 1141
980 1063
984 67
985 1454
987 812
990 584
1028 654
1030 926
1040 1212
1041 652
1054 691
1069 1483
1079 4
1082 26
1101 442
1120 132
1124 1386
1143 1401
1146 887
1206 115
1211 1140
1239 1566
1242 226
1245 1393
1246 656
1251 60
1255 1302
1256 1218
1267 1082
1276 801
1278 1308
1281 217
1287 1579
1289 1494
1293 827
1294 299
1303 290
1306 1634
1310 364
1315 1621
1316 407
1318 1042
1319 1675
1321 2
1335 554
1347 1413
1357 1247
1362 1424
1368 265
1374 765
1376 130
1377 805
1386 834
1390 1551
1394 1221
1395 85
1417 1466
1420 660
1422 420
1424 59
1426 1085
1431 1170
1437 141
1463 1251
1466 1252
1467 937
1470 10
1471 1128
1473 751
1476 1049
1477 1693
1486 1029
1487 591
1503 1275
1504 422
1519 1387

0004.jpg 0008.jpg
1 115
2 838
4 246
7 172
8 451
11 1101
16 903
24 463
26 12
30 1732
33 1152
36 1170
37 1056
44 1468
48 378
86 1854
87 2356
90 988
92 2080
94 195
97 2330
100 340
102 1325
108 859
115 1340
117 1279
120 593
122 538
132 1747
140 899
153 1735
158 1739
161 336
165 1814
173 586
178 327
182 2028
201 306
203 1950
204 434
223 855
228 511
230 140
231 2089
238 892
249 719
262 460
264 598
275 339
285 900
287 555
296 1265
298 491
305 2234
315 1008
316 1828
319 829
322 2022
324 2137
325 506
333 2017
346 1075
347 416
358 2151
362 1344
374 2263
380 1474
381 894
398 129
402 594
420 1406
428 251
431 179
440 1869
455 1669
464 1544
487 2006
491 879
504 630
512 228
514 2185
517 1884
519 1995
522 263
527 1993
529 1071
530 2269
531 2013
532 875
537 2003
542 1890
545 1229
546 1396
554 2049
555 1910
569 564
578 1200
582 585
588 496
596 606
600 421
606 2076
608 844
617 1293
623 127
626 721
629 1196
658 273
661 1125
663 975
687 1896
690 270
691 100
693 1566
706 1533
714 2088
716 349
717 524
719 2347
728 708
734 2315
738 235
766 1073
777 1111
780 1829
782 836
795 1349
821 1970
825 1134
864 1021
871 963
876 1973
896 720
900 856
903 2231
910 1338
916 2244
918 1638
924 452
926 955
944 2075
977 520
980 1613
984 2100
987 1081
989 2276
1038 1294
1040 1842
1041 142
1049 134
1079 933
1085 1597
1094 868
1101 1906
1110 2224
1118 1781
1124 2140
1129 135
1142 709
1143 2180
1146 897
1149 1674
1150 1522
1156 874
1171 510
1187 1614
1206 1580
1211 2238
1221 497
1231 1647
1245 58
1246 2021
1251 1895
1256 1921
1263 8
1267 850
1268 513
1276 494
1280 284
1282 815
1285 2353
1287 311
1293 46
1303 864
1305 1051
1306 931
1310 307
1316 1671
1335 1617
1353 1938
1357 906
1359 1447
1367 1958
1376 501
1377 830
1383 2252
1386 2001
1390 727
1393 1472
1394 96
1395 35
1396 641
1406 488
1408 2184
1414 2165
1417 1965
1420 2358
1426 1498
1431 2186
1450 1944
1452 16
1461 1667
1467 703
1470 1013
1471 2232
1476 1987
1477 1770
1480 2239
1486 86
1489 1532
1494 2230
1501 1419
1503 1710
1504 1740
1510 2216
1519 1682
1530 351
1533 1118

0004.jpg 0009.jpg
1 663
2 125
4 113
5 2964
6 2448
7 467
8 2351
11 2197
18 906
24 359
26 2366
30 2435
36 2642
37 2231
43 2185
48 295
50 2456
83 905
90 1496
94 1565
97 1181
100 110
102 2013
108 1037
110 2728
117 2212
120 596
122 2047
137 830
140 2665
141 555
161 2967
164 2349
165 1582
173 565
178 332
182 2604
187 759
201 1862
231 1212
242 1829
249 1535
261 2470
262 1690
275 2962
283 849
287 72
293 912
296 1402
297 840
300 2450
319 1667
320 2398
324 645
325 853
333 1443
348 314
349 487
358 1284
377 2557
380 2946
393 1488
402 1021
420 1842
432 2664
437 1071
439 2904
440 492
477 91
480 2344
504 475
507 3069
514 1256
516 617
527 1540
532 2334
537 1452
542 2686
550 45
554 3016
555 1725
565 269
569 36
578 3045
580 2172
596 2191
617 2073
623 480
626 21
643 1068
659 1157
686 148
690 1652
693 918
716 118
717 659
734 2235
738 48
746 2261
753 446
778 37
782 818
792 2934
795 60
796 779
809 2845
845 2457
858 2098
864 2354
876 2345
879 2411
893 333
900 946
908 2390
910 577
915 188
924 503
944 1501
965 2864
977 3025
980 506
987 2424
1031 578
1041 683
1049 68
1051 2752
1068 182
1069 336
1079 180
1082 954
1094 747
1104 1622
1110 1150
1118 2744
1124 1992
1143 2032
1146 2519
1150 315
1160 3066
1173 2785
1174 1102
1181 623
1187 1189
1193 2903
1200 1104
1211 1115
1245 1171
1251 2304
1256 688
1268 1874
1276 1384
1282 630
1293 184
1305 1465
1308 935
1310 539
1316 3042
1318 2072
1321 1867
1335 2692
1355 1302
1357 698
1359 727
1367 494
1370 2727
1373 2829
1374 1675
1376 143
1377 845
1386 2756
1390 2253
1394 2694
1395 1978
1398 2848
1406 2033
1408 2767
1412 722
1414 936
1417 1140
1420 719
1440 2284
1449 744
1452 2438
1454 2227
1467 2257
1470 3074
1471 2171
1473 2921
1477 2166
1486 1879
1489 692
1490 1863
1494 1999
1501 3054
1502 1806
1503 1534
1519 2121
1526 1433
1530 3057

0004.jpg 0010.jpg
2 1161
4 371
7 330
8 2141
11 680
15 1030
24 3184
25 1912
26 127
30 3062
36 322
37 2045
43 1035
48 1026
86 2070
87 1626
90 2755
92 1446
94 1324
100 441
102 2432
105 1996
110 2980
120 2897
132 2196
137 1250
140 2393
161 2556
165 3017
173 413
178 1177
182 2859
187 1150
201 2186
222 3142
228 3465
230 126
231 1252
238 132
242 1211
249 2805
262 3462
275 919
278 1265
285 3245
287 159
305 2869
310 2269
315 2565
324 766
333 3471
339 2789
344 490
364 1382
374 1634
393 2899
402 2943
420 1099
428 1550
437 3350
440 2068
443 1087
446 215
450 2528
458 3093
497 2380
504 841
514 1563
527 1776
530 2682
537 188
542 1058
546 3021
550 392
554 3141
555 1507
562 283
566 1400
569 1777
578 362
588 104
592 1438
599 3401
609 1561
617 2407
626 2971
642 3252
654 3351
658 1065
661 1437
665 2538
683 885
686 2738
690 2188
691 753
693 631
714 991
716 329
717 2681
734 274
738 221
746 60
782 2289
796 3116
822 3079
825 3216
855 1893
864 857
871 465
872 406
876 1072
877 2536
893 2394
896 2583
898 883
900 527
907 2633
910 477
916 1130
922 2143
924 1240
926 1149
927 3300
931 2204
935 778
937 676
941 543
948 770
977 2238
980 2751
983 1904
989 2435
1005 1590
1016 2336
1031 1045
1041 2019
1049 2610
1069 2518
1075 675
1079 2648
1082 2305
1085 2939
1089 773
1094 558
1101 95
1115 1272
1124 815
1143 2500
1173 2707
1174 2379
1187 418
1193 1050
1206 513
1211 2155
1231 3095
1242 3312
1245 133
1246 365
1247 1364
1251 1343
1255 1321
1256 3461
1268 1986
1274 2976
1276 1189
1282 657
1287 2207
1288 2589
1293 3078
1303 2065
1305 3457
1306 1116
1316 1665
1318 1022
1321 10
1335 1632
1339 2585
1355 1334
1357 1357
1376 312
1377 1784
1390 115
1392 324
1394 3263
1406 3323
1408 502
1414 1809
1417 1702
1420 687
1424 1929
1426 1793
1439 642
1440 1885
1452 992
1454 1484
1458 3151
1459 1703
1461 405
1467 1991
1468 2373
1471 1142
1473 2933
1477 437
1480 1245
1486 1483
1489 3446
1494 3362
1502 1689
1503 1481
1504 1290
1507 866
1519 279

0005.jpg 0006.jpg
1 501
2 1581
6 1967
8 14
9 1309
11 1125
12 461
15 773
16 1801
19 224
20 1892
24 2012
30 11
31 61
42 1710
48 691
54 51
57 531
65 748
68 1902
73 309
78 900
81 840
89 380
95 204
118 1251
128 607
136 847
166 1515
169 941
173 589
176 1492
178 1204
180 1668
181 1315
187 537
188 101
191 694
204 1393
206 1195
221 998
230 475
233 1706
237 1963
242 133
246 1507
247 1129
252 381
270 1263
275 36
280 1123
286 599
288 1148
297 1122
298 745
299 1785
301 1862
314 987
317 828
319 1899
331 718
355 459
374 1088
383 812
391 1314
392 291
400 875
426 1194
430 940
431 662
433 201
437 922
442 232
444 2023
447 1548
451 1736
457 155
461 414
474 1814
482 71
493 1163
495 379
497 504
498 866
508 89
510 1802
511 2025
512 712
514 817
522 1489
527 615
528 956
531 1639
534 1923
539 1793
546 1403
553 500
557 1553
560 1015
562 1001
566 1021
568 10
569 1116
590 44
593 1256
594 885
604 395
605 1099
612 1935
619 1350
628 889
635 1969
637 970
638 561
641 1568
642 809
656 1595
659 2008
670 634
678 222
693 491
708 1356
713 1540
720 21
733 1059
735 749
738 1773
739 1984
741 1904
746 157
762 74
780 236
805 1435
809 1044
823 1922
826 1370
829 1465
834 1534
854 22
857 1832
865 1227
886 632
888 1803
891 1186
894 254
905 1495
912 882
929 1934
932 1091
941 424
947 1751
950 1573
956 947
965 1695
977 1247
978 289
980 1895
992 1471
997 1455
1008 296
1010 1838
1014 75
1020 352
1039 312
1048 1582
1050 1700
1057 1627
1060 1159
1061 1888
1063 1098
1065 579
1067 1792
1072 470
1079 498
1085 684
1091 1890
1095 2028
1101 314
1103 1587
1111 1364
1128 1749
1134 1617
1142 1865
1167 1323
1171 262
1177 1482
1187 1225
1189 1740
1190 1266
1192 1629
1199 1332
1204 452
1227 1413
1228 12
1242 338
1243 1400
1258 1958
1259 762
1271 1599
1276 15

0005.jpg 0007.jpg
3 1341
5 1212
8 474
9 1686
10 4
11 1164
12 316
15 21
16 1213
19 16
21 1316
24 114
31 780
34 48
37 711
42 1358
55 1327
65 652
68 1151
69 536
71 884
73 109
74 100
115 85
118 1093
119 1149
126 406
128 807
131 74
158 120
169 1509
173 383
178 243
183 446
187 1572
204 159
226 130
230 207
240 1075
254 1675
268 839
288 573
297 1602
299 1308
301 1372
307 339
331 483
355 933
360 549
374 692
383 1479
390 1119
391 576
398 1186
400 313
407 649
408 1566
426 505
435 1066
437 14
439 230
460 193
461 1555
470 84
482 154
483 502
487 66
493 1029
495 1455
514 468
522 726
531 1384
543 1417
546 725
548 587
557 1236
560 217
566 1428
567 1059
568 151
577 769
585 115
588 422
590 1292
594 813
602 1570
604 1404
607 287
609 407
619 1017
621 1251
637 877
646 1378
647 827
649 962
673 1386
678 188
684 1600
690 926
706 200
707 132
708 977
713 850
718 1406
746 971
752 578
757 434
763 1209
769 1623
775 1627
791 1334
798 290
818 691
826 1082
827 1670
833 541
844 584
854 1237
857 1350
867 1049
888 1221
890 1108
891 1228
893 1580
905 890
915 629
924 1041
932 79
935 1380
941 1695
950 276
956 106
962 9
965 161
971 1252
972 1250
978 498
990 898
992 518
995 467
997 65
1002 782
1004 310
1010 1323
1020 1199
1021 150
1048 264
1050 1310
1060 899
1061 135
1063 192
1068 1464
1072 89
1073 319
1085 1494
1088 526
1091 486
1092 478
1097 449
1101 78
1122 178
1134 1654
1138 55
1142 651
1174 119
1187 523
1188 1190
1189 937
1190 103
1192 870
1196 309
1199 634
1204 1597
1217 280
1219 1205
1221 1180
1228 10
1240 1275
1242 1342
1255 916
1258 1665
1259 1429
1276 3
1281 886
1282 187
1290 820
1294 1096

0005.jpg 0008.jpg
1 1593
2 1950
5 1842
8 288
9 451
10 933
12 2072
15 36
16 1961
24 1584
26 1349
30 1682
31 1016
34 1468
38 1188
42 830
44 827
48 407
49 1282
63 2100
65 1419
68 2238
69 2080
70 251
73 593
78 1566
80 1553
89 474
95 72
100 204
102 355
104 845
109 377
115 1354
123 2184
137 155
157 1308
158 546
173 129
179 1344
181 526
187 1261
188 158
198 1315
204 1769
224 1937
230 785
232 1381
240 127
243 2263
247 119
252 567
266 1486
286 2033
288 154
297 1209
299 934
301 1401
314 1873
317 197
319 1008
325 729
349 236
354 1714
355 2082
368 889
369 1075
374 2289
383 1127
386 2095
387 1296
393 935
394 1606
400 419
425 1911
431 2247
435 1513
444 270
452 1245
457 1587
460 1179
469 897
481 2180
483 614
493 86
495 1904
498 1992
522 421
531 1460
540 179
541 2186
545 2128
546 598
555 2254
557 971
567 1688
569 488
575 1471
585 1317
588 1740
590 651
593 2003
605 1241
612 1786
619 1134
628 1562
635 868
637 1614
639 1756
641 339
642 1955
647 2090
659 1363
670 1829
675 520
684 1726
685 498
695 1293
706 2093
708 1939
709 1343
713 833
720 18
737 256
739 1845
752 1993
753 1501
757 1239
760 1113
763 2021
775 1390
780 440
791 1070
792 336
808 2152
809 618
826 1799
827 152
829 1785
834 2323
839 798
854 2189
864 54
865 815
886 484
887 479
888 96
891 599
901 2157
904 2252
905 1285
915 222
924 1267
932 1932
935 2006
941 1454
945 2276
948 1229
956 1496
965 1053
981 1874
985 1071
988 2119
992 178
997 2233
1000 1669
1010 1166
1020 312
1035 1186
1039 931
1045 286
1048 1089
1051 505
1056 709
1057 1362
1060 2137
1061 713
1064 1336
1067 2210
1072 2149
1079 2086
1091 856
1092 255
1094 1410
1095 975
1101 1359
1106 2096
1107 2025
1108 394
1130 2076
1134 2240
1138 85
1142 1759
1167 2168
1171 2011
1177 1910
1186 494
1187 1234
1190 967
1199 796
1204 2160
1216 1603
1218 305
1219 1878
1221 2185
1228 344
1240 1710
1242 2237
1243 1899
1252 135
1258 1650
1259 2346
1271 1294
1275 1971
1276 333
1287 1051
1290 2079
1294 1944
1295 579

0005.jpg 0009.jpg
5 2807
8 795
9 2351
12 1605
15 1345
20 2452
21 421
24 1481
26 60
29 2642
30 799
34 2516
38 650
42 1652
48 195
49 2547
50 866
53 2334
54 115
65 3054
67 1747
68 2029
69 1376
71 291
78 918
80 2848
89 652
100 1290
112 401
118 2374
131 617
137 2743
145 2515
151 2519
173 1262
176 2566
178 38
181 759
187 409
198 871
204 1211
226 2690
230 1777
232 2461
233 3060
236 2673
247 616
252 1424
280 2709
299 2730
301 371
314 912
331 704
351 519
354 391
355 2240
360 1164
368 1042
369 1929
374 1419
383 2361
391 2528
394 2572
400 614
423 779
425 2589
430 1037
431 1981
437 2466
444 2700
450 1494
460 1584
463 135
470 1475
481 2840
483 1945
493 2672
495 330
498 2071
503 2686
512 1402
514 2998
522 314
528 1051
531 2457
534 3005
539 17
545 770
546 1726
548 2561
557 1831
560 1433
566 396
567 2786
569 2033
575 901
578 683
585 1644
588 273
590 440
593 351
604 2191
612 1535
635 747
637 1533
638 1803
639 2771
641 2962
642 553
647 184
670 470
673 1199
678 806
685 868
708 2513
713 2796
736 2344
752 334
753 2421
755 2390
757 2975
759 805
763 1501
764 2781
771 1347
775 45
777 2806
778 1005
780 889
782 1550
792 2245
798 1561
810 1088
824 2727
827 854
829 2345
834 564
854 2042
865 630
867 644
883 1134
886 496
891 114
894 2281
901 1930
905 615
915 36
924 2055
929 884
932 2408
941 2002
948 1104
950 563
957 16
962 1023
965 2839
978 1191
997 1071
1004 446
1010 2375
1012 2340
1014 1874
1015 936
1020 670
1039 1216
1048 1067
1050 689
1054 1308
1057 846
1060 645
1061 2965
1064 300
1065 1877
1067 678
1070 237
1072 2776
1079 404
1085 331
1088 1931
1091 2655
1092 1157
1095 1440
1101 1869
1107 1988
1108 476
1111 2664
1113 2160
1128 1198
1130 2233
1134 2474
1138 111
1142 2311
1167 1184
1169 1276
1171 1388
1177 1486
1187 1675
1189 757
1190 150
1192 1361
1199 1335
1204 59
1216 3009
1217 54
1218 836
1219 1848
1221 2588
1228 3074
1233 2828
1240 1887
1242 2783
1243 503
1255 18
1258 997
1259 1214
1275 1189
1283 575
1287 1465
1294 2484
1295 2056

0005.jpg 0010.jpg
5 457
8 2561
9 2141
12 3365
15 3184
17 1030
20 3490
21 684
24 2745
37 549
38 367
40 192
42 2188
44 2426
49 2464
54 2815
58 802
65 1258
67 3375
68 3455
69 1446
71 925
73 2538
78 909
89 1177
100 162
101 725
122 495
131 1973
166 2598
169 1577
173 1050
176 2846
181 1150
183 132
185 1384
187 575
188 1754
191 581
204 2755
206 1063
213 2048
226 783
230 2593
232 2594
233 2031
240 973
247 344
252 2897
283 1618
286 2724
288 3401
297 373
298 2267
299 1426
301 2163
314 2869
319 2832
320 2901
325 2420
331 2717
346 2517
374 2371
387 811
392 1282
400 588
426 1182
430 2536
437 2733
442 2352
444 1136
450 2933
457 2918
460 899
461 962
481 2017
482 1133
493 644
495 239
496 1990
512 2453
514 1015
528 2196
541 2637
543 1925
545 3362
553 3142
557 334
566 2543
569 3323
578 2019
585 2791
588 2968
590 1165
593 1704
594 2983
602 551
604 591
605 3017
609 2515
612 3016
628 866
635 558
637 654
639 1445
641 2778
642 74
644 2350
647 3098
658 1227
659 1688
673 1435
675 2238
695 2407
706 929
708 2890
720 16
741 2284
746 2380
752 1776
753 1410
757 1375
759 687
763 3320
780 1241
782 248
791 3011
792 2379
798 2322
799 923
810 169
823 1229
834 1215
843 225
854 2248
865 2103
883 438
886 109
888 1934
890 2519
891 18
901 2876
905 864
917 236
918 1022
929 1353
932 90
935 1127
941 150
948 3040
949 2604
956 1147
957 3303
962 1583
965 2336
978 108
982 1861
997 3350
1002 2652
1010 3154
1015 1809
1020 425
1038 2527
1039 2414
1050 2989
1060 766
1061 933
1063 1317
1064 1138
1065 1561
1070 3109
1072 2514
1079 2306
1085 1803
1088 1998
1091 2302
1092 2409
1095 2264
1101 2767
1107 2251
1108 147
1111 3290
1123 1993
1128 2747
1132 2102
1134 2002
1138 912
1167 2132
1171 446
1177 1507
1190 3430
1196 2184
1199 987
1204 1570
1219 2204
1221 2219
1225 1190
1228 1372
1233 3263
1240 3131
1242 2810
1243 1240
1247 521
1258 1592
1271 1012
1275 418
1276 3251
1287 3457
1294 2364

0006.jpg 0007.jpg
3 863
6 1525
9 4
10 151
14 474
51 502
60 205
61 780
71 154
75 575
120 49
155 1058
160 525
181 5
184 1228
201 1268
204 1521
216 1161
218 980
219 439
253 17
254 364
273 77
278 1401
289 498
290 313
296 1141
297 207
299 244
301 359
309 105
312 1634
359 1119
385 551
391 786
394 1056
414 1555
424 1695
427 924
429 1164
438 109
459 933
470 89
484 16
487 903
504 2
512 124
524 130
527 1044
537 1572
554 1396
563 1357
565 1383
574 258
588 353
589 810
605 587
615 357
619 257
647 195
659 1583
676 578
694 489
698 162
721 1445
748 652
751 303
762 1429
773 21
775 65
795 957
798 783
808 709
812 1479
814 1566
821 319
828 422
829 1580
835 850
859 0
860 1234
871 782
872 1546
883 978
913 1685
917 1190
923 434
929 265
943 890
947 106
959 1645
966 1325
968 1597
970 877
994 544
1013 142
1015 1034
1066 1405
1068 85
1088 692
1092 1351
1099 641
1101 634
1104 1670
1106 1274
1110 1466
1123 1049
1126 11
1145 70
1148 573
1159 899
1161 1302
1163 1029
1171 286
1180 1658
1193 989
1194 505
1200 1600
1203 708
1204 243
1206 1427
1214 417
1225 1216
1227 1038
1233 925
1243 1473
1251 616
1264 878
1286 1579
1322 904
1346 546
1356 977
1357 267
1362 584
1364 384
1370 1082
1379 398
1390 478
1400 277
1413 1291
1416 1286
1421 1581
1422 1222
1435 1180
1456 132
1458 660
1465 718
1471 1375
1474 268
1489 182
1490 1236
1499 1162
1502 959
1528 927
1530 431
1539 486
1543 287
1550 677
1566 1277
1568 763
1573 339
1587 93
1609 713
1612 230
1617 1477
1628 595
1629 870
1645 1644
1670 42
1695 67
1701 1202
1710 1358
1728 1642
1739 372
1740 937
1747 803
1755 259
1773 522
1783 912
1788 1342
1799 59
1803 1221
1832 1350
1862 1372
1875 741
1876 1251
1882 1127
1892 60
1895 535
1897 1623
1902 1151
1910 1122
1917 826
1919 10
1944 1392
1952 1665
1956 857
1981 1168
1990 131
1996 510
2003 381
2008 1686
2015 138
2023 1062
2024 686

0006.jpg 0008.jpg
4 283
10 1116
11 1682
15 333
21 18
22 1258
27 185
35 2160
51 155
60 1126
61 1413
63 779
70 458
71 933
75 513
99 1777
120 85
136 339
143 775
177 43
181 319
185 158
192 517
204 72
209 484
216 193
217 489
221 2231
225 696
240 1338
244 1201
254 307
262 1132
263 691
272 1083
283 879
291 459
293 631
296 520
312 931
323 476
342 1783
352 312
373 1523
381 567
394 1511
396 1708
400 428
401 702
405 592
409 721
422 142
426 1447
439 50
446 1114
459 1162
475 785
488 281
489 2244
498 2086
504 2051
507 583
512 586
516 893
517 2204
524 495
530 429
553 11
563 1196
589 928
590 486
595 859
599 2033
615 919
624 116
633 2260
643 877
647 924
661 165
670 1909
674 133
694 251
705 1874
709 198
712 1806
719 28
720 1113
732 894
762 1692
774 1566
775 1396
793 1075
795 1937
801 916
818 377
828 197
835 1685
839 322
845 949
848 2121
860 1678
876 40
886 864
889 1562
913 703
956 1747
959 235
970 1614
994 1528
1013 2035
1015 1229
1034 946
1035 2021
1061 1171
1096 1822
1099 1241
1101 729
1106 1012
1110 1630
1116 488
1123 1987
1126 22
1129 119
1140 594
1142 467
1148 154
1159 2202
1161 101
1166 1828
1193 1539
1195 1293
1200 2255
1203 1869
1204 246
1211 1458
1217 1958
1227 2131
1233 1427
1235 709
1247 1647
1251 1280
1252 2230
1253 1399
1257 2143
1284 1938
1286 2330
1287 81
1296 852
1309 369
1315 277
1334 54
1336 532
1339 722
1350 1134
1356 1939
1357 1585
1361 1461
1370 1765
1390 2241
1400 1899
1406 2073
1408 1970
1413 2355
1416 1687
1422 536
1434 1854
1437 2146
1465 1785
1471 17
1474 655
1481 1527
1482 1910
1490 971
1500 855
1515 1606
1516 759
1520 638
1522 1622
1530 139
1540 833
1550 1093
1553 1340
1555 1432
1561 257
1566 1982
1568 997
1569 941
1570 1111
1573 683
1585 2354
1595 1886
1609 1930
1620 194
1621 1657
1649 1611
1651 179
1687 1950
1692 349
1710 1522
1719 86
1728 1706
1734 1051
1755 1819
1788 2237
1792 2210
1803 96
1812 1797
1814 431
1818 380
1862 1401
1865 1759
1867 802
1875 2251
1885 1671
1888 2264
1889 447
1892 1174
1899 1008
1902 2238
1907 787
1910 836
1911 2287
1932 2123
1943 993
1944 1317
1948 2180
1952 883
1958 1650
1969 2342
1980 460
1981 1781
1984 1845
1990 1896
2003 189
2009 236
2010 531
2015 1703
2023 270
2025 1669
2028 975

0006.jpg 0009.jpg
3 1609
4 296
6 566
11 799
22 2111
27 677
38 3059
40 2958
48 59
51 115
58 1327
60 2379
61 1920
63 3005
70 1345
71 1344
75 1874
110 1233
120 111
122 2728
128 431
133 18
141 873
147 624
151 1166
155 2794
167 195
171 771
178 922
192 162
201 1757
203 2166
204 1038
218 1053
221 1056
230 33
255 193
262 1388
269 751
273 2553
278 2217
291 46
296 3025
328 917
333 295
352 670
378 189
380 652
382 1840
394 2622
401 2024
409 2869
422 1302
426 2232
429 2765
433 240
446 1598
459 551
470 2888
476 1607
484 462
498 2541
504 2495
505 2519
507 1023
516 1513
517 2
523 58
524 2690
527 2329
563 915
585 951
589 1786
592 248
604 612
624 726
633 790
639 359
643 2632
647 1538
649 322
683 405
694 495
698 584
711 1021
723 920
732 2261
734 2194
738 801
748 3054
752 2803
762 1214
765 1806
774 918
775 1071
795 364
809 553
812 510
814 1863
826 487
835 2796
860 2361
883 2790
886 2577
923 256
940 1037
970 1533
994 1712
995 339
1001 1683
1015 1433
1021 1530
1034 848
1035 494
1068 1978
1073 831
1088 1419
1099 1582
1106 1072
1110 2671
1116 2033
1123 2709
1142 2314
1148 2212
1155 2572
1156 958
1159 1390
1161 2743
1166 905
1168 1449
1200 2382
1204 113
1219 1850
1225 924
1227 14
1251 2374
1263 1958
1286 2103
1315 793
1322 1304
1334 611
1346 1268
1356 2060
1361 337
1362 1182
1364 1260
1370 1827
1379 1157
1387 455
1400 503
1404 1198
1413 2642
1431 1338
1435 1256
1465 2345
1471 557
1489 276
1490 2616
1520 857
1522 978
1524 373
1528 1635
1539 2614
1550 2895
1553 1831
1555 849
1558 330
1561 1804
1566 2457
1573 123
1587 2594
1592 1366
1604 2364
1617 2910
1649 2130
1651 2321
1656 2752
1695 1463
1710 315
1728 1970
1734 2187
1735 996
1740 2257
1755 1740
1792 678
1797 1622
1802 1358
1808 1586
1812 2744
1814 1967
1836 1371
1862 371
1865 2311
1867 1060
1875 2199
1885 3042
1892 2452
1902 1115
1906 2096
1910 2855
1916 1104
1917 333
1922 1353
1924 1057
1937 768
1943 131
1948 2840
1952 708
1958 2313
1969 747
1984 2588
1996 238
2003 791
2015 2386
2023 2795
2035 2283

0006.jpg 0010.jpg
4 536
6 1373
10 312
15 1709
21 16
22 2248
27 1858
38 3004
51 2815
60 1912
68 24
75 2827
80 1287
88 1053
99 1794
120 1911
122 1934
133 2373
136 1290
138 1165
142 2318
156 3307
160 2808
178 1774
184 2185
192 265
201 2977
204 1764
221 855
228 2422
229 1775
246 1479
251 849
252 2423
261 2064
262 88
263 109
272 2437
278 2095
284 1899
291 1282
296 616
309 2538
338 2810
339 1400
352 425
359 3218
380 6
381 611
386 1026
405 1222
409 2631
418 1561
426 2355
437 135
444 2583
459 2722
470 2514
489 1809
500 3142
504 3441
507 986
512 413
523 1883
524 783
527 2943
528 1754
545 3184
558 1130
574 1063
589 1433
591 1177
598 2901
599 2724
600 1022
603 907
605 1227
624 2356
633 777
643 2762
647 1359
649 1552
692 993
694 1550
719 2760
724 2717
734 720
738 1895
745 2267
748 1258
765 3422
775 3021
784 1351
795 2201
814 2611
828 2968
839 2517
847 1853
852 1476
889 866
900 675
901 368
913 1039
923 1375
947 1147
970 418
987 2869
994 2291
996 1238
1015 1516
1021 2543
1034 1361
1057 3359
1068 3079
1085 883
1096 1728
1099 3017
1104 2531
1106 1941
1122 859
1123 550
1126 249
1137 2774
1140 908
1142 2772
1148 3401
1155 2633
1159 1634
1161 1274
1166 214
1181 3067
1193 2157
1195 2453
1204 371
1214 2131
1227 2103
1231 2545
1247 819
1251 895
1274 236
1283 405
1286 1211
1315 134
1322 1702
1323 2132
1329 26
1334 484
1346 5
1356 787
1357 1024
1364 626
1370 2506
1379 2060
1400 1240
1413 322
1431 1360
1435 1563
1455 3350
1458 1190
1465 2702
1471 2127
1474 2765
1490 597
1516 3274
1520 3448
1530 2326
1543 2068
1550 2904
1553 334
1555 2640
1558 953
1568 2778
1579 752
1582 1685
1587 2411
1595 1427
1604 3214
1609 205
1617 2002
1620 136
1628 3430
1645 42
1649 1879
1695 2674
1710 3128
1711 926
1734 768
1740 1991
1750 3141
1755 3000
1783 208
1788 2875
1797 655
1799 1929
1892 2384
1902 2358
1907 1464
1917 2089
1922 1229
1924 1914
1937 3465
1943 702
1948 3503
1952 789
1958 1233
1969 558
1984 1473
1996 3242
2003 1568
2015 1376
2023 443
2025 138

0007.jpg 0008.jpg
5 319
10 1175
11 22
16 23
17 230
21 36
31 1071
47 427
48 1468
60 1174
65 1396
77 893
85 1354
89 2149
106 1496
109 593
113 295
117 2117
119 1504
124 586
138 244
150 314
154 933
161 1560
169 506
207 1795
217 855
218 897
221 1387
223 804
243 246
259 1712
265 1036
268 655
274 2318
277 844
290 864
313 181
323 491
326 367
333 663
338 1613
353 221
358 2096
381 268
383 129
406 700
407 1671
422 1561
430 1526
431 139
434 1239
439 355
446 892
474 114
480 908
489 251
493 1832
501 416
502 1065
507 732
518 669
522 1727
536 2075
537 2231
549 1737
554 1617
558 1720
573 154
578 1993
588 1253
601 2190
605 692
608 1211
612 1075
624 674
629 399
634 729
648 1978
660 2358
670 2230
681 1199
713 1273
741 2251
759 1265
763 402
772 1589
780 1585
781 1874
783 2357
805 811
810 928
827 2090
834 2001
835 1465
850 833
854 1923
861 975
877 1614
878 1969
884 961
900 1896
903 1382
927 2094
928 1759
937 1971
962 788
977 1101
985 85
989 2296
1017 1134
1029 86
1034 2361
1038 2131
1049 1987
1082 850
1091 1691
1092 1773
1104 1689
1106 1629
1119 329
1122 836
1124 1372
1140 2181
1141 520
1149 528
1151 2238
1157 1170
1161 193
1170 2186
1176 567
1180 2185
1189 1505
1199 186
1204 2223
1222 1883
1228 70
1236 971
1241 2266
1249 941
1251 2243
1264 2338
1266 1294
1274 1012
1275 1148
1277 1982
1284 874
1291 2355
1298 333
1316 2065
1327 862
1331 2323
1340 39
1344 1110
1357 1196
1358 830
1365 2280
1380 2006
1383 172
1384 1460
1386 2140
1387 1682
1396 428
1401 2180
1404 690
1406 1706
1415 1538
1421 369
1427 460
1454 1513
1466 311
1478 2055
1492 1575
1521 72
1540 1221
1546 1527
1549 2241
1553 2330
1555 63
1566 932
1570 2320
1575 723
1580 510
1583 708
1597 219
1601 988
1617 709
1625 1886
1627 1390
1635 11
1637 1548
1639 1290
1640 2159
1645 235
1646 1480
1647 1830
1651 1015
1654 2240
1665 883
1670 388
1686 603

0007.jpg 0009.jpg
5 51
7 1786
10 3074
11 427
16 462
17 93
30 2664
37 2516
45 1376
65 1071
75 182
77 1278
85 1978
105 565
106 3046
109 1694
115 1644
134 364
150 374
151 143
161 1463
162 584
207 376
218 495
243 38
244 1061
259 1740
265 2897
268 1814
277 1733
287 2114
290 1561
305 2439
313 873
335 2208
342 1037
345 624
353 220
369 2261
381 791
383 2648
422 273
431 499
434 256
439 419
443 1732
446 684
474 1825
478 1157
493 2411
501 1018
502 115
507 249
522 1343
531 237
541 417
549 1164
573 2212
580 906
587 2561
612 1929
634 152
649 2478
651 2311
652 1279
670 857
680 1574
681 2065
692 1419
704 40
708 2124
711 613
713 337
718 2345
726 276
738 890
741 1028
763 1172
772 2322
777 3066
779 3024
781 1850
782 2058
802 2450
805 845
834 2756
835 3034
842 1501
848 1371
850 2796
857 884
861 2733
877 2921
878 2349
887 2519
899 1390
901 2417
903 600
904 1304
916 1189
927 1211
933 1348
937 757
961 2452
962 2689
977 2197
980 285
985 1046
989 2387
1017 926
1019 494
1029 1879
1034 3000
1039 1554
1044 2329
1059 2786
1062 627
1082 2500
1096 2484
1119 749
1127 1951
1141 3025
1151 1296
1164 1524
1177 818
1184 3047
1190 2904
1199 999
1202 1250
1227 2178
1228 193
1236 2616
1241 2588
1246 918
1251 1839
1264 2533
1274 1072
1275 2156
1291 2642
1316 421
1322 330
1325 1084
1327 1968
1342 2118
1344 783
1357 915
1358 1652
1365 1601
1372 371
1377 2343
1383 741
1384 2457
1396 405
1401 2217
1404 2191
1409 1527
1413 5
1417 2539
1421 1337
1427 2448
1428 2750
1429 1214
1434 689
1466 13
1473 1410
1492 1902
1496 1198
1503 1505
1525 76
1546 1297
1553 2581
1555 1090
1564 1405
1566 2546
1570 321
1580 1357
1583 1430
1597 284
1600 2382
1601 1496
1603 2918
1624 2056
1627 45
1630 2727
1634 1216
1644 2612
1646 1803
1654 2474
1665 2674
1670 1400
1685 1494
1686 2876

0007.jpg 0010.jpg
3 3122
10 582
11 249
16 1287
17 159
30 3290
37 2044
55 912
59 1929
65 3350
66 802
77 1454
85 989
92 2536
105 413
106 1147
109 2538
115 2916
126 1229
131 2707
134 2563
150 2516
158 1285
161 751
182 2432
238 1670
243 170
244 1464
248 2196
258 1063
259 1110
265 2255
268 3404
277 2640
287 3431
295 626
305 2115
313 1400
319 462
342 2453
353 1131
355 2801
364 210
369 60
381 1568
383 2789
395 3074
407 2515
422 2968
430 763
431 2326
442 95
446 132
467 1819
469 3361
470 1900
474 504
478 2409
483 2717
489 1550
498 1193
500 1912
501 1395
502 258
507 3324
514 2704
518 1573
522 455
526 1998
536 1446
544 3127
549 1109
558 523
573 3401
577 3133
578 3332
585 1303
587 1899
611 3142
612 705
634 2483
648 3032
650 658
652 674
670 1747
681 3325
692 2527
708 3045
713 205
733 1689
741 1946
751 2933
763 2712
779 1206
803 2909
807 2546
810 3171
819 916
821 2270
826 2089
827 3098
829 1703
835 1428
861 646
870 11
878 1533
889 2079
901 2647
903 2143
904 1843
910 1476
916 2980
927 3298
937 2743
962 656
977 1529
980 1518
988 647
989 1149
1017 3216
1029 1483
1035 866
1038 2103
1042 1022
1044 2943
1062 3075
1082 2506
1088 2194
1113 1833
1127 3189
1139 2689
1151 1027
1161 8
1162 148
1174 3263
1177 825
1180 1563
1199 1407
1202 1811
1228 2185
1236 2276
1241 2219
1274 1941
1275 2200
1286 42
1304 3066
1309 1279
1316 684
1327 1455
1342 1542
1358 3128
1359 2316
1365 2251
1372 2163
1376 2070
1380 1127
1383 330
1386 1435
1393 133
1396 3184
1401 2208
1404 2334
1417 1925
1421 795
1425 3382
1431 1513
1464 2135
1465 734
1492 2976
1546 1084
1553 1178
1555 2454
1566 2425
1570 551
1580 71
1583 3392
1597 1712
1623 1740
1627 390
1654 2002
1658 2508
1665 1233
1686 2234

0008.jpg 0009.jpg
4 630
8 2776
22 892
31 44
70 193
72 1005
81 917
82 652
85 111
86 1879
104 431
113 1020
129 1738
166 2212
167 499
168 273
171 949
179 2321
181 873
183 2352
185 677
186 999
187 589
189 791
204 1290
224 1862
225 2743
236 220
238 181
244 2954
246 38
255 1157
283 296
286 1932
301 295
305 836
311 13
312 667
313 2519
315 245
326 2147
336 2687
339 2962
340 2777
351 3057
361 344
371 462
382 1892
402 1172
412 958
416 1018
419 614
421 314
425 248
446 240
448 1181
450 3029
458 1345
460 1690
462 2077
463 359
484 496
491 1521
495 2183
506 853
519 2622
520 3025
523 58
530 1495
538 1783
556 1902
579 2056
584 745
585 809
586 565
594 1021
604 2921
619 3054
631 922
635 1527
655 1814
663 2278
664 2394
665 2333
691 490
696 405
700 1579
702 2024
708 1430
709 1165
729 306
785 1132
787 3046
788 2143
804 1194
811 845
823 893
830 1652
846 1019
850 2500
859 1037
864 2316
868 747
875 2334
879 2151
893 2553
897 495
931 310
933 1344
941 372
975 1585
988 1496
997 1856
1008 2447
1012 1072
1021 2354
1029 33
1051 2014
1092 1642
1102 831
1110 783
1111 2189
1125 438
1133 2823
1134 1073
1166 178
1175 3074
1196 915
1214 2386
1229 1741
1234 1675
1265 1402
1273 337
1294 2317
1313 2913
1343 1679
1344 2873
1354 570
1372 1564
1377 1554
1409 292
1447 753
1468 2516
1473 1376
1503 539
1522 315
1527 2185
1533 2985
1553 2848
1556 1568
1566 918
1597 2129
1606 2572
1611 2130
1613 2247
1614 1533
1630 2671
1669 584
1671 2803
1672 545
1679 1347
1682 799
1685 2786
1686 1060
1689 613
1712 952
1722 947
1737 1164
1745 216
1747 1051
1756 2771
1759 2311
1785 2345
1797 2744
1799 1860
1806 2073
1809 2011
1814 2034
1819 1740
1832 2411
1834 3066
1836 1337
1869 1868
1874 1850
1884 259
1895 53
1899 503
1904 330
1944 1320
1950 3030
1963 599
1965 1229
1971 1189
1978 1996
1987 2709
1995 2045
2003 351
2034 2452
2042 2588
2049 3016
2096 2865
2110 1987
2119 1899
2128 1999
2137 645
2140 1404
2149 2499
2157 1930
2162 2175
2168 1530
2179 1198
2180 2840
2184 1391
2186 494
2210 678
2237 2118
2238 1296
2244 1447
2255 2382
2260 790
2263 3047
2266 946
2280 1601
2294 3063
2320 321
2338 2533
2346 1214
2361 3000

0008.jpg 0010.jpg
8 733
40 24
43 26
45 2356
70 2185
71 1113
72 306
82 6
85 1911
86 1483
87 2186
101 1274
105 3090
123 808
127 973
129 1050
135 1063
139 2326
155 2815
158 1754
168 2692
182 3106
183 1336
186 1407
193 8
208 2064
221 476
225 763
246 371
251 1550
260 707
268 1568
283 536
286 1037
296 1741
312 2045
322 2517
329 236
333 3355
336 2958
337 1177
339 1290
341 1026
355 2452
369 795
372 849
387 2058
412 1351
416 1526
425 2422
447 2018
448 749
450 1178
451 2113
456 2287
458 3184
460 3462
462 907
475 3341
487 1913
491 297
504 1287
506 709
527 2342
585 2399
586 413
594 908
596 3440
614 2418
631 1774
634 860
647 2538
649 1285
653 2580
655 2765
663 2421
664 209
671 1053
679 1225
691 109
702 3334
703 1039
708 3392
709 30
717 1284
729 197
775 2635
781 2610
785 7
804 3342
832 725
836 2289
844 2640
846 2791
859 2536
864 2065
868 558
872 2561
893 1432
931 1116
933 2648
955 1149
969 2386
997 1850
1008 2832
1021 857
1040 3290
1047 3148
1051 3457
1093 1539
1101 680
1111 3023
1113 2290
1121 1375
1125 1246
1126 1912
1134 1527
1171 802
1196 3255
1214 736
1229 1516
1230 2806
1253 458
1265 2049
1273 205
1303 1693
1306 3142
1310 998
1321 2702
1333 2079
1340 376
1344 2901
1351 734
1372 1851
1388 2104
1393 2156
1396 3021
1399 2902
1408 1695
1412 3475
1419 2996
1459 1238
1471 2784
1472 288
1486 824
1539 2157
1556 328
1561 2968
1585 1024
1603 1331
1619 2316
1620 1022
1622 1030
1647 3095
1650 1233
1662 102
1667 1671
1669 138
1671 1899
1672 3000
1682 848
1684 1144
1692 357
1696 3387
1712 1206
1719 258
1747 2196
1756 438
1777 1794
1778 866
1799 2585
1806 2453
1814 1756
1816 3263
1819 1186
1834 187
1869 2068
1874 1572
1891 2394
1896 1530
1899 1240
1905 2024
1944 2364
1952 2633
1958 3320
1965 2139
1971 418
1981 1788
1983 3302
1994 883
2003 188
2025 2251
2041 2549
2080 1446
2090 3098
2096 3178
2119 2845
2128 3362
2143 126
2152 1757
2154 3490
2157 2876
2160 1570
2162 257
2168 2132
2230 1214
2231 855
2233 1454
2234 2869
2240 2002
2250 3325
2254 3252
2266 2219
2289 2371
2297 1703
2330 1211
2333 700
2356 1626

0009.jpg 0010.jpg
33 1287
58 1883
68 2610
78 3440
111 1911
115 294
173 3098
190 1900
193 2185
203 2356
240 1628
248 2422
273 2692
279 581
295 1026
321 551
330 953
333 2617
337 205
413 1206
446 665
472 2774
490 109
492 2068
494 2773
503 1240
565 413
613 549
616 1913
630 1450
645 766
652 6
659 1706
666 907
670 425
684 2897
704 2717
740 860
744 1526
747 558
757 2743
771 1754
779 3116
782 2113
783 1030
790 777
830 1250
864 1454
869 3475
873 1400
893 7
917 24
918 281
949 2006
952 1110
957 966
958 1351
979 2062
1019 2791
1020 2342
1025 2517
1037 2536
1051 2196
1057 1914
1060 2326
1072 1941
1090 176
1104 3040
1157 2409
1164 1722
1189 418
1193 1568
1198 1755
1214 2764
1229 2139
1242 954
1245 2875
1255 3263
1290 162
1295 1774
1302 1334
1304 1843
1345 3184
1368 2432
1376 1446
1390 2065
1419 2527
1425 1338
1533 654
1559 3138
1561 2322
1586 1209
1598 344
1609 2018
1622 655
1658 719
1661 26
1690 3462
1738 3293
1741 3322
1773 687
1786 1433
1806 3422
1845 2806
1852 3106
1856 2721
1862 2186
1877 1561
1892 236
1895 2394
1930 1733
1931 1998
1934 2338
1968 1455
1988 2251
2014 3457
2048 1797
2051 1292
2065 3325
2073 2453
2075 249
2089 1087
2115 2967
2118 1542
2124 3045
2140 3090
2147 1265
2175 257
2197 1529
2198 3094
2204 3142
2212 3401
2231 2045
2256 947
2257 1991
2261 60
2304 1343
2329 2943
2343 2917
2344 2192
2351 2141
2352 1336
2358 1464
2379 1912
2380 2044
2387 1149
2406 2207
2411 2679
2452 2384
2474 2002
2484 2364
2520 752
2533 530
2539 1429
2546 572
2568 1689
2572 2598
2581 1178
2588 2973
2648 2789
2674 1233
2728 2152
2743 763
2771 1445
2773 2869
2803 1899
2821 730
2837 1247
2840 1593
2853 1753
2866 1238
2873 2901
2906 1190
2929 3359
2962 948
2967 2958
2975 1375
3042 1665
3054 1258
3066 187

