0000.jpg 0001.jpg
0 0
4 2
6 3
10 86
13 9
14 5
15 7
19 28
21 12
23 11
24 24
25 16
26 14
27 23
28 22
29 26
33 18
34 20
37 37
39 41
42 48
44 60
46 99
47 27
52 25
57 52
61 54
66 133
74 33
77 56
78 13
79 47
81 57
82 66
84 250
85 81
87 71
90 76
91 459
93 206
99 55
104 67
111 93
113 109
114 96
119 68
120 97
131 111
132 51
135 145
144 163
147 59
148 129
149 119
153 144
162 117
165 165
167 182
169 175
170 349
171 266
172 173
173 201
175 197
178 113
179 677
183 171
189 230
193 270
198 205
200 75
202 108
204 679
207 180
211 132
214 263
221 139
222 151
223 46
224 196
225 256
227 399
228 304
229 234
231 335
232 146
233 328
238 208
239 341
240 149
241 222
243 396
244 268
248 128
249 142
255 275
257 537
259 141
260 1245
263 177
264 176
269 221
270 314
273 442
275 260
276 288
277 241
278 329
279 395
281 215
282 296
286 183
287 233
288 307
292 336
293 289
296 258
298 664
300 225
302 411
305 237
308 480
313 414
315 179
316 123
317 408
324 405
325 380
329 305
332 368
335 330
336 338
337 261
339 422
340 342
341 58
342 285
346 294
348 232
350 262
351 437
361 1102
366 463
368 468
372 384
374 420
378 352
379 227
381 469
385 267
387 367
389 484
390 418
395 872
397 358
398 426
402 332
408 387
412 465
413 324
417 515
420 526
423 347
425 423
430 840
434 710
436 883
441 588
444 401
448 520
449 717
450 385
451 354
453 871
456 811
464 554
465 507
466 333
468 645
469 994
470 322
471 934
472 319
477 272
483 398
484 1122
489 587
491 637
503 363
505 147
513 590
514 446
516 440
517 462
518 510
522 245
523 739
524 569
525 721
531 432
536 817
537 1000
541 606
546 485
547 584
552 1327
556 1139
561 403
562 648
564 434
565 448
567 452
572 668
576 650
578 890
579 586
582 549
584 910
587 825
597 566
598 616
599 599
602 1054
604 425
606 1215
611 761
613 582
614 715
615 1257
616 351
618 251
632 695
633 455
635 969
641 634
643 1050
648 1058
649 531
653 472
658 1138
659 502
673 665
678 694
680 827
682 1038
685 511
686 1177
687 504
698 756
711 619
714 493
716 748
717 898
720 937
722 1090
727 1093
728 538
732 732
736 223
738 1219
740 681
742 682
748 460
752 629
753 841
754 505
756 741
763 886
764 692
765 832
772 759
773 709
775 593
778 492
781 1086
787 646
789 767
792 574
798 846
799 1141
800 747
804 1003
806 445
807 836
808 701
809 931
814 955
817 842
820 374
822 762
823 702
826 429
833 311
834 864
835 1256
840 967
844 869
849 769
852 1323
853 983
854 855
856 1069
858 1117
861 929
865 235
867 667
868 797
875 1084
879 635
880 592
881 867
887 528
889 802
890 1437
895 805
896 660
898 970
900 1307
901 1224
906 1100
907 697
909 1239
910 1266
911 1284
916 954
920 923
921 997
922 873
928 1149
930 1147
931 1229
934 1001
937 615
939 1025
942 895
943 1349
949 1318
951 1363
960 995
963 953
968 874
969 768
970 822
979 972
980 1017
984 830
986 745
989 987
991 1189
993 889
995 638
996 781
997 577
999 524
1000 656
1002 1192
1004 662
1005 1197
1006 977
1008 876
1013 964
1014 716
1015 829
1020 1047
1027 1383
1028 643
1031 882
1035 1390
1037 861
1052 922
1053 1294
1055 1253
1056 1244
1058 772
1061 790
1066 1216
1073 1168
1074 957
1075 833
1080 1080
1091 337
1092 1180
1102 1264
1105 1082
1106 1028
1112 1410
1113 283
1114 479
1116 819
1122 885
1123 1022
1124 974
1126 614
1128 1178
1130 965
1131 1146
1136 1140
1137 253
1138 750
1142 1303
1143 911
1154 1051
1157 1060
1161 669
1163 1230
1164 1391
1172 1184
1173 980
1177 1023
1179 691
1180 699
1185 519
1191 1118
1197 1056
1198 990
1199 1247
1200 894
1202 1079
1207 674
1210 1240
1211 1112
1212 1333
1213 613
1222 1404
1226 1187
1232 1052
1236 1433
1242 1145
1243 1195
1248 1356
1251 1405
1253 1242
1255 839
1266 844
1267 639
1272 1179
1273 1155
1275 1213
1276 1227
1279 1226
1280 1150
1281 1185
1282 1190
1285 1076
1286 945
1287 1233
1291 984
1293 1314
1297 1123
1302 824
1303 1395
1305 1285
1306 1087
1309 1308
1311 1094
1312 913
1313 1279
1317 1259
1322 508
1325 1151
1327 1107
1328 718

